1347 1347 | 15 15
333 304 | 4 7
448 316 | 5 6
0 0 | 0 0
0 0 | 0 0
0 0 | 0 0
161 121 | 0 0
103 119 | 0 0
304 121 | 0 0
311 125 | 0 0
329 93 | 7 5
397 97 | 8 5
245 97 | 0 0
460 102 | 0 0
309 95 | 0 0
292 97 | 0 0
0 0 | 0 0
206 79 | 0 0
72 81 | 0 0
139 81 | 0 0
0 0 | 0 0
188 77 | 2 4
231 78 | 2 4
0 0 | 0 0
0 0 | 0 0
0 0 | 0 0
0 0 | 0 0
74 69 | 0 0
101 70 | 0 0
65 61 | 0 0
74 61 | 0 0
50 61 | 0 0
70 61 | 0 0
0 0 | 0 0
0 0 | 0 0
0 0 | 0 0
57 54 | 0 0
116 54 | 0 0
0 0 | 0 0
43 51 | 0 0
111 51 | 0 0
158 51 | 0 0
383 52 | 0 0
110 51 | 0 0
206 51 | 0 0
92 51 | 0 0
285 52 | 0 0
0 0 | 0 0
0 0 | 0 0
148 47 | 0 0
395 49 | 0 0
350 48 | 0 0
446 49 | 0 0
0 0 | 0 0
0 0 | 0 0
68 46 | 0 0
46 46 | 0 0
111 47 | 0 0
0 0 | 0 0
158 44 | 0 0
197 45 | 0 0
45 44 | 0 0
40 44 | 0 0
37 43 | 0 0
113 43 | 0 0
43 43 | 0 0
63 43 | 0 0
36 43 | 0 0
0 0 | 0 0
37 42 | 0 0
85 42 | 0 0
65 43 | 0 0
0 0 | 0 0
103 40 | 0 0
57 39 | 0 0
95 40 | 0 0
0 0 | 0 0
47 38 | 0 0
58 38 | 0 0
37 38 | 0 0
40 38 | 0 0
29 36 | 0 0
32 36 | 0 0
0 0 | 0 0
78 36 | 0 0
73 35 | 0 0
90 35 | 0 0
31 35 | 0 0
72 35 | 0 0
0 0 | 1 3
84 35 | 1 3
90 35 | 1 3
58 35 | 1 3
140 34 | 0 0
173 35 | 0 0
430 35 | 1 3
448 36 | 5 3
0 0 | 1 3
0 0 | 0 0
0 0 | 0 0
98 35 | 0 0
97 35 | 0 0
0 0 | 0 0
125 34 | 0 0
156 35 | 0 0
42 34 | 0 0
0 0 | 0 0
35 34 | 0 0
46 34 | 0 0
0 0 | 0 0
89 33 | 0 0
87 33 | 0 0
0 0 | 0 0
31 32 | 0 0
69 32 | 0 0
252 33 | 0 0
279 33 | 0 0
59 33 | 0 0
95 33 | 0 0
0 0 | 1 3
0 0 | 0 0
40 32 | 0 0
50 32 | 0 0
49 32 | 0 0
0 0 | 1 2
0 0 | 0 0
62 31 | 0 0
194 31 | 0 0
0 0 | 0 0
0 0 | 1 2
77 29 | 0 0
156 29 | 0 0
249 29 | 0 0
24 29 | 0 0
27 29 | 0 0
0 0 | 0 0
0 0 | 0 0
0 0 | 0 0
0 0 | 0 0
42 28 | 0 0
30 28 | 0 0
72 28 | 0 0
0 0 | 0 0
37 28 | 0 0
48 28 | 0 0
0 0 | 1 2
84 27 | 0 0
95 27 | 0 0
126 27 | 0 0
228 28 | 0 0
45 28 | 0 0
68 28 | 0 0
39 27 | 0 0
55 27 | 0 0
278 27 | 3 2
284 28 | 0 0
0 0 | 0 0
0 0 | 0 0
0 0 | 0 0
515 27 | 3 2
517 28 | 4 2
0 0 | 0 0
0 0 | 0 0
0 0 | 0 0
25 27 | 0 0
39 27 | 0 0
0 0 | 0 0
0 0 | 0 0
0 0 | 0 0
0 0 | 0 0
513 26 | 1 2
514 26 | 0 0
0 0 | 0 0
0 0 | 0 0
0 0 | 0 0
0 0 | 0 0
130 25 | 0 0
195 25 | 0 0
65 25 | 0 0
78 25 | 0 0
26 25 | 3 2
51 25 | 3 2
0 0 | 0 0
0 0 | 0 0
45 24 | 0 0
61 24 | 0 0
0 0 | 0 0
46 24 | 0 0
83 24 | 0 0
25 24 | 0 0
28 24 | 0 0
0 0 | 3 2
0 0 | 3 2
51 23 | 0 0
85 23 | 0 0
32 23 | 0 0
56 23 | 0 0
28 23 | 0 0
44 23 | 0 0
0 0 | 0 0
0 0 | 0 0
0 0 | 0 0
22 23 | 0 0
34 23 | 0 0
31 23 | 0 0
37 23 | 0 0
0 0 | 0 0
21 23 | 0 0
26 23 | 0 0
0 0 | 0 0
43 23 | 0 0
52 23 | 0 0
0 0 | 0 0
31 22 | 0 0
46 22 | 0 0
25 22 | 0 0
32 22 | 0 0
0 0 | 2 2
0 0 | 2 2
21 22 | 0 0
47 22 | 0 0
25 22 | 0 0
33 22 | 0 0
0 0 | 0 0
31 22 | 0 0
53 22 | 2 2
56 22 | 2 2
351 22 | 0 0
352 22 | 1 2
406 22 | 0 0
408 23 | 0 0
0 0 | 0 0
0 0 | 0 0
0 0 | 0 0
73 22 | 0 0
99 22 | 0 0
21 22 | 0 0
31 22 | 0 0
24 22 | 0 0
76 22 | 0 0
110 22 | 0 0
22 22 | 0 0
43 22 | 0 0
66 22 | 1 2
1045 1045 | 19 19
533 557 | 12 15
508 544 | 11 14
0 0 | 0 0
200 195 | 0 0
101 114 | 0 0
176 94 | 0 0
0 0 | 0 0
0 0 | 0 0
0 0 | 0 0
0 0 | 0 0
0 0 | 0 0
42 47 | 0 0
55 48 | 0 0
0 0 | 0 0
0 0 | 0 0
0 0 | 0 0
0 0 | 0 0
0 0 | 0 0
0 0 | 0 0
0 0 | 0 0
0 0 | 0 0
0 0 | 0 0
0 0 | 0 0
73 39 | 0 0
92 40 | 0 0
38 37 | 0 0
0 0 | 0 0
0 0 | 0 0
0 0 | 0 0
36 30 | 0 0
59 30 | 0 0
0 0 | 0 0
0 0 | 0 0
37 28 | 0 0
65 28 | 0 0
0 0 | 0 0
62 28 | 0 0
85 28 | 0 0
0 0 | 0 0
0 0 | 0 0
0 0 | 0 0
0 0 | 0 0
31 23 | 0 0
68 23 | 0 0
34 23 | 0 0
60 23 | 0 0
53 21 | 0 0
61 22 | 0 0
0 0 | 0 0
22 21 | 0 0
0 0 | 0 0
0 0 | 0 0
52 21 | 0 0
60 21 | 0 0
0 0 | 0 0
28 21 | 0 0
26 21 | 0 0
0 0 | 0 0
26 20 | 0 0
47 20 | 0 0
0 0 | 0 0
0 0 | 0 0
17 19 | 0 0
36 19 | 0 0
32 19 | 0 0
52 19 | 2 4
0 0 | 0 0
0 0 | 0 0
0 0 | 0 0
15 18 | 0 0
23 18 | 0 0
0 0 | 0 0
0 0 | 0 0
0 0 | 0 0
0 0 | 0 0
13 15 | 0 0
20 15 | 0 0
619 16 | 0 0
600 17 | 0 0
0 0 | 0 0
0 0 | 0 0
22 17 | 0 0
62 17 | 0 0
0 0 | 0 0
23 17 | 0 0
36 17 | 0 0
0 0 | 0 0
17 17 | 0 0
16 16 | 0 0
27 16 | 1 3
38 16 | 0 0
77 17 | 0 0
19 17 | 0 0
31 17 | 0 0
17 17 | 0 0
17 17 | 0 0
0 0 | 0 0
0 0 | 0 0
0 0 | 0 0
0 0 | 0 0
0 0 | 0 0
0 0 | 0 0
7 7 | 0 0
22 14 | 0 0
13 14 | 0 0
16 14 | 0 0
14 9 | 0 0
11 9 | 0 0
11 9 | 0 0
14 9 | 0 0
35 11 | 0 0
10 11 | 0 0
34 12 | 0 0
33 14 | 0 0
30 15 | 0 0
6046 350 | 6 6
6076 651 | 1 3
0 0 | 0 0
8134 451 | 12 6
8941 631 | 10 7
0 0 | 0 0
0 0 | 0 0
3 3 | 0 0
2 2 | 0 0
4 3 | 0 0
8 4 | 0 0
9 4 | 0 0
16 6 | 0 0
5 5 | 0 0
29 7 | 0 0
9 6 | 0 0
28 7 | 0 0
26 8 | 0 0
24 8 | 0 0
10 8 | 0 0
72 11 | 0 0
8 10 | 0 0
49 12 | 0 0
17 11 | 0 0
49 13 | 1 1
17 11 | 0 0
58 12 | 0 0
11 11 | 0 0
15 11 | 0 0
9 11 | 0 0
29 11 | 0 0
9 10 | 1 1
41 11 | 1 1
8 10 | 0 0
12 10 | 0 0
11 9 | 0 0
42 10 | 1 1
36 10 | 0 0
45 11 | 0 0
44 11 | 0 0
89 12 | 0 0
44 12 | 0 0
58 13 | 0 0
26 13 | 0 0
31 13 | 0 0
26 12 | 0 0
25 11 | 0 0
38 11 | 0 0
42 11 | 0 0
37 11 | 0 0
68 12 | 0 0
39 12 | 0 0
48 12 | 0 0
16 12 | 0 0
20 12 | 0 0
22 12 | 0 0
28 12 | 0 0
10 12 | 0 0
19 12 | 0 0
24 12 | 0 0
49 12 | 0 0
17 12 | 0 0
27 13 | 0 0
10 12 | 0 0
2298 2298 | 1 1
1325 455 | 0 0
1535 553 | 0 0
581 231 | 0 0
286 232 | 0 0
462 239 | 0 0
595 246 | 0 0
594 196 | 0 0
1090 213 | 0 0
561 183 | 1 1
394 186 | 1 1
471 172 | 0 0
1008 183 | 0 0
148 173 | 0 0
179 173 | 0 0
226 164 | 0 0
411 167 | 0 0
325 167 | 0 0
592 171 | 0 0
476 174 | 0 0
349 164 | 0 0
863 171 | 0 0
168 154 | 0 0
254 155 | 0 0
0 0 | 0 0
159 143 | 0 0
0 0 | 0 0
205 128 | 0 0
228 108 | 0 0
432 110 | 0 0
0 0 | 0 0
101 95 | 0 0
165 95 | 0 0
303 96 | 0 0
591 98 | 0 0
640 100 | 0 0
108 97 | 1 1
142 97 | 1 1
0 0 | 0 0
90 96 | 0 0
83 94 | 0 0
107 94 | 0 0
270 95 | 0 0
389 85 | 0 0
426 86 | 0 0
0 0 | 2 1
114 84 | 2 1
80 84 | 0 0
196 84 | 0 0
320 84 | 0 0
467 85 | 0 0
0 0 | 0 0
119 67 | 0 0
0 0 | 0 0
71 65 | 0 0
305 65 | 0 0
68 65 | 0 0
79 65 | 0 0
85 63 | 0 0
128 63 | 0 0
75 60 | 0 0
284 60 | 0 0
0 0 | 0 0
522 59 | 0 0
563 60 | 0 0
54 59 | 3 1
105 59 | 3 1
0 0 | 0 0
76 58 | 0 0
97 56 | 3 1
193 56 | 0 0
46 53 | 0 0
209 53 | 0 0
0 0 | 0 0
0 0 | 0 0
0 0 | 3 1
66 51 | 0 0
250 52 | 0 0
69 51 | 0 0
117 51 | 0 0
39 47 | 0 0
67 47 | 0 0
0 0 | 0 0
73 46 | 0 0
141 46 | 0 0
0 0 | 0 0
61 45 | 0 0
215 46 | 0 0
44 46 | 0 0
276 46 | 0 0
44 46 | 0 0
183 46 | 0 0
53 45 | 0 0
149 45 | 1 1
554 45 | 0 0
619 46 | 0 0
521 46 | 0 0
567 46 | 0 0
0 0 | 1 1
42 45 | 0 0
104 45 | 0 0
0 0 | 0 0
0 0 | 0 0
0 0 | 0 0
49 44 | 0 0
115 44 | 0 0
509 45 | 0 0
607 45 | 0 0
0 0 | 1 1
0 0 | 1 1
298 45 | 0 0
658 45 | 0 0
0 0 | 0 0
72 45 | 0 0
0 0 | 0 0
0 0 | 0 0
486 43 | 0 0
640 44 | 0 0
75 44 | 0 0
160 44 | 0 0
49 43 | 0 0
50 43 | 0 0
134 42 | 0 0
215 42 | 0 0
64 42 | 0 0
93 42 | 0 0
752 42 | 0 0
788 42 | 0 0
135 42 | 0 0
298 42 | 0 0
36 42 | 0 0
61 42 | 0 0
0 0 | 1 1
0 0 | 1 1
346 41 | 0 0
624 41 | 0 0
65 41 | 0 0
91 41 | 0 0
640 42 | 0 0
643 42 | 0 0
133 40 | 0 0
231 40 | 0 0
40 39 | 0 0
58 39 | 0 0
109 39 | 0 0
159 39 | 0 0
45 39 | 0 0
47 39 | 0 0
87 39 | 0 0
139 39 | 0 0
68 38 | 0 0
92 38 | 0 0
135 38 | 0 0
180 38 | 0 0
0 0 | 0 0
0 0 | 0 0
40 37 | 1 1
65 37 | 1 1
333 36 | 0 0
542 36 | 0 0
0 0 | 0 0
308 35 | 0 0
658 36 | 0 0
611 36 | 0 0
724 36 | 0 0
57 36 | 0 0
137 36 | 0 0
0 0 | 1 1
0 0 | 0 0
0 0 | 0 0
0 0 | 0 0
0 0 | 0 0
29 35 | 0 0
38 35 | 0 0
486 35 | 0 0
501 35 | 0 0
0 0 | 0 0
0 0 | 0 0
0 0 | 0 0
0 0 | 1 1
0 0 | 0 0
202 34 | 0 0
317 34 | 0 0
41 34 | 0 0
67 34 | 0 0
49 34 | 0 0
69 34 | 0 0
0 0 | 3 1
30 34 | 1 1
97 34 | 1 1
68 34 | 0 0
101 34 | 0 0
49 34 | 1 1
74 34 | 1 1
419 34 | 0 0
609 34 | 0 0
38 34 | 0 0
60 34 | 0 0
89 33 | 0 0
175 33 | 0 0
28 33 | 0 0
39 33 | 0 0
32 33 | 0 0
78 33 | 0 0
621 33 | 0 0
670 34 | 0 0
170 33 | 0 0
321 34 | 0 0
56 33 | 0 0
112 33 | 0 0
124 33 | 0 0
200 33 | 0 0
407 33 | 0 0
748 33 | 0 0
0 0 | 0 0
0 0 | 0 0
35 33 | 0 0
88 33 | 0 0
0 0 | 1 1
0 0 | 1 1
62 32 | 0 0
503 33 | 0 0
0 0 | 2 1
0 0 | 1 1
736 33 | 2 1
778 33 | 2 1
39 33 | 0 0
39 33 | 0 0
0 0 | 2 1
74 33 | 0 0
323 33 | 0 0
0 0 | 2 1
0 0 | 0 0
141 32 | 0 0
271 32 | 0 0
524 32 | 0 0
619 32 | 0 0
0 0 | 0 0
0 0 | 0 0
0 0 | 0 0
0 0 | 2 1
71 32 | 0 0
127 32 | 0 0
44 32 | 0 0
86 32 | 0 0
192 32 | 0 0
397 32 | 0 0
26 32 | 0 0
97 32 | 0 0
0 0 | 2 1
0 0 | 0 0
0 0 | 1 1
0 0 | 1 1
0 0 | 1 1
31 32 | 2 1
51 32 | 0 0
0 0 | 2 1
436 32 | 0 0
491 32 | 0 0
0 0 | 0 0
0 0 | 0 0
409 31 | 0 0
460 31 | 0 0
0 0 | 0 0
0 0 | 2 1
243 31 | 0 0
414 31 | 0 0
0 0 | 2 1
0 0 | 2 1
62 31 | 0 0
103 31 | 0 0
0 0 | 2 1
32 31 | 0 0
86 31 | 0 0
108 30 | 0 0
619 31 | 0 0
33 31 | 0 0
63 31 | 0 0
37 30 | 0 0
82 30 | 0 0
46 30 | 0 0
69 30 | 0 0
202 30 | 0 0
507 31 | 0 0
0 0 | 0 0
29 30 | 0 0
74 30 | 0 0
385 31 | 0 0
0 0 | 0 0
0 0 | 0 0
190 30 | 0 0
259 31 | 0 0
53 30 | 0 0
328 30 | 0 0
0 0 | 1 1
29 30 | 0 0
65 30 | 0 0
29 30 | 0 0
41 30 | 0 0
116 30 | 0 0
183 30 | 0 0
50 30 | 0 0
90 30 | 0 0
55 30 | 0 0
121 30 | 0 0
45 30 | 0 0
525 30 | 0 0
0 0 | 1 1
33 30 | 0 0
44 30 | 0 0
0 0 | 2 1
0 0 | 0 0
0 0 | 2 1
46 30 | 0 0
84 30 | 0 0
25 30 | 0 0
48 30 | 0 0
0 0 | 0 0
45 30 | 0 0
0 0 | 0 0
0 0 | 1 1
0 0 | 1 1
0 0 | 4 1
0 0 | 4 1
0 0 | 2 1
0 0 | 2 1
0 0 | 0 0
0 0 | 0 0
0 0 | 0 0
0 0 | 0 0
0 0 | 1 1
521 29 | 0 0
596 29 | 0 0
26 29 | 0 0
52 29 | 0 0
0 0 | 2 1
120 29 | 0 0
176 29 | 0 0
36 29 | 0 0
52 29 | 0 0
52 29 | 0 0
85 29 | 0 0
32 28 | 0 0
65 28 | 0 0
74 28 | 0 0
117 28 | 0 0
23 28 | 0 0
51 28 | 0 0
52 28 | 0 0
69 28 | 0 0
25 28 | 0 0
73 28 | 0 0
0 0 | 0 0
0 0 | 0 0
33 28 | 0 0
61 28 | 0 0
36 28 | 0 0
61 28 | 0 0
42 28 | 0 0
61 28 | 0 0
93 28 | 0 0
190 28 | 0 0
41 28 | 0 0
84 28 | 0 0
30 28 | 0 0
39 28 | 0 0
59 28 | 0 0
32 28 | 0 0
88 28 | 0 0
30 27 | 0 0
57 27 | 0 0
203 27 | 0 0
284 28 | 0 0
34 27 | 0 0
53 27 | 0 0
24 27 | 0 0
31 27 | 0 0
37 27 | 0 0
108 27 | 0 0
50 27 | 0 0
125 27 | 0 0
