# relative_time, cycles_done, cur_item, corpus_count, pending_total, pending_favs, map_size, saved_crashes, saved_hangs, max_depth, execs_per_sec, total_execs, edges_found
61, 0, 42, 5841, 5838, 70, 17.09%, 0, 0, 2, 3265.02, 192630, 8281
66, 0, 42, 6023, 6020, 70, 17.10%, 0, 0, 2, 3270.83, 209610, 8286
71, 0, 42, 6271, 6268, 70, 17.12%, 0, 0, 2, 3209.27, 226278, 8297
77, 0, 99, 6769, 6765, 203, 17.71%, 0, 0, 2, 3057.32, 241829, 8580
82, 0, 99, 6979, 6975, 203, 17.74%, 0, 0, 2, 3208.57, 258420, 8597
87, 0, 99, 7202, 7198, 203, 17.81%, 0, 0, 2, 3268.24, 275296, 8630
92, 0, 99, 7329, 7325, 203, 17.85%, 0, 0, 2, 3320.41, 292512, 8648
97, 0, 99, 7453, 7449, 203, 17.85%, 0, 0, 2, 3322.58, 309142, 8649
102, 0, 99, 7547, 7543, 203, 17.85%, 0, 0, 2, 3340.18, 325975, 8649
107, 0, 99, 7650, 7646, 203, 17.86%, 0, 0, 2, 3336.54, 342652, 8652
112, 0, 99, 7877, 7873, 203, 17.86%, 0, 0, 2, 3217.01, 359469, 8654
117, 0, 3, 8194, 8188, 285, 17.98%, 0, 0, 2, 3091.73, 375468, 8713
122, 0, 3, 8681, 8675, 285, 18.37%, 0, 0, 2, 2773.14, 388918, 8899
128, 0, 3, 9092, 9086, 285, 18.46%, 0, 0, 2, 2698.99, 402769, 8943
133, 0, 3, 9475, 9469, 285, 18.48%, 0, 0, 2, 2745.87, 416795, 8956
138, 0, 3, 9559, 9553, 285, 18.50%, 0, 0, 2, 2648.36, 430592, 8965
143, 0, 3, 9609, 9603, 285, 18.52%, 0, 0, 2, 2608.92, 444038, 8973
148, 0, 3, 9787, 9781, 285, 18.53%, 0, 0, 2, 2653.65, 457667, 8977
153, 0, 3, 10122, 10116, 285, 18.55%, 0, 0, 2, 2851.02, 472681, 8991
158, 0, 3, 10277, 10271, 285, 18.55%, 0, 0, 2, 2707.40, 486118, 8991
164, 0, 3, 10393, 10387, 285, 18.56%, 0, 0, 2, 2916.32, 501814, 8993
169, 0, 3, 10462, 10456, 285, 18.56%, 0, 0, 2, 2753.21, 516002, 8993
174, 0, 3, 10680, 10674, 285, 18.57%, 0, 0, 2, 2677.06, 529852, 8997
179, 0, 3, 11355, 11349, 285, 18.61%, 0, 0, 2, 2754.43, 543886, 9019
184, 0, 3, 12012, 12006, 285, 18.64%, 0, 0, 2, 2857.83, 558576, 9034
189, 0, 3, 12508, 12502, 285, 18.68%, 0, 0, 2, 2889.33, 573363, 9051
194, 0, 3, 12952, 12946, 285, 18.73%, 0, 0, 2, 2898.82, 588312, 9074
200, 0, 3, 13352, 13346, 285, 18.75%, 0, 0, 2, 2907.83, 603425, 9084
202, 0, 3, 13509, 13503, 285, 18.75%, 0, 0, 2, 2921.96, 611520, 9084
