8767 8767 | 27 27
8768 8767 | 28 27
8762 6625 | 15 23
0 0 | 0 0
7708 3247 | 3 10
0 0 | 0 0
0 0 | 0 0
0 0 | 0 0
0 0 | 0 0
3759 1365 | 5 10
3350 1412 | 13 10
0 0 | 0 0
0 0 | 0 0
11270 676 | 15 10
10886 773 | 18 11
3840 715 | 0 0
3845 741 | 0 0
589 724 | 14 10
10728 800 | 16 11
0 0 | 0 0
0 0 | 0 0
0 0 | 0 0
0 0 | 0 0
2176 617 | 12 10
1888 625 | 12 10
0 0 | 0 0
0 0 | 0 0
0 0 | 0 0
0 0 | 0 0
0 0 | 0 0
0 0 | 0 0
0 0 | 0 0
0 0 | 0 0
1294 549 | 0 0
932 495 | 0 0
496 488 | 0 0
2493 496 | 0 0
0 0 | 0 0
1184 480 | 0 0
669 453 | 0 0
946 454 | 0 0
8619 459 | 9 9
1432 461 | 10 8
6621 481 | 8 8
0 0 | 0 0
0 0 | 0 0
20428 526 | 23 9
20329 589 | 21 9
3056 576 | 13 9
3977 586 | 20 9
0 0 | 0 0
0 0 | 0 0
0 0 | 0 0
0 0 | 0 0
0 0 | 0 0
0 0 | 0 0
1132 561 | 12 9
886 562 | 6 9
0 0 | 0 0
0 0 | 0 0
3735 562 | 7 9
1919 566 | 8 9
2144 553 | 0 0
2129 557 | 0 0
0 0 | 0 0
2384 547 | 8 9
17451 590 | 14 9
0 0 | 0 0
0 0 | 0 0
0 0 | 0 0
623 574 | 0 0
3771 574 | 22 9
1439 576 | 11 9
0 0 | 0 0
1 1 | 0 0
124 62 | 0 0
1369 498 | 2 2
1274 122 | 7 4
8465 470 | 4 4
0 0 | 0 0
0 0 | 0 0
0 0 | 0 0
0 0 | 0 0
0 0 | 0 0
0 0 | 0 0
0 0 | 0 0
0 0 | 0 0
0 0 | 0 0
0 0 | 0 0
0 0 | 0 0
0 0 | 0 0
0 0 | 0 0
0 0 | 0 0
5150 374 | 4 4
5672 492 | 1 3
0 0 | 0 0
0 0 | 0 0
0 0 | 0 0
0 0 | 0 0
0 0 | 0 0
0 0 | 1 3
0 0 | 0 0
0 0 | 0 0
0 0 | 0 0
909 412 | 0 0
1171 425 | 6 3
0 0 | 0 0
0 0 | 0 0
0 0 | 0 0
0 0 | 0 0
0 0 | 2 2
3 3 | 2 2
2 2 | 0 0
4 3 | 0 0
0 0 | 0 0
3 2 | 1 1
0 0 | 0 0
2 2 | 0 0
2 2 | 0 0
0 0 | 0 0
0 0 | 0 0
0 0 | 1 1
4 2 | 4 2
3 2 | 0 0
2 2 | 0 0
0 0 | 1 1
0 0 | 0 0
2 2 | 0 0
2 2 | 0 0
2 2 | 0 0
0 0 | 0 0
9 2 | 1 1
348 23 | 1 1
49 18 | 3 1
37 19 | 2 1
0 0 | 0 0
0 0 | 0 0
0 0 | 0 0
0 0 | 0 0
0 0 | 0 0
0 0 | 0 0
0 0 | 0 0
0 0 | 0 0
0 0 | 0 0
0 0 | 0 0
43 13 | 8 2
30 13 | 7 2
0 0 | 1 2
0 0 | 1 2
0 0 | 0 0
0 0 | 0 0
0 0 | 0 0
0 0 | 0 0
0 0 | 0 0
0 0 | 0 0
0 0 | 0 0
0 0 | 0 0
0 0 | 0 0
16 8 | 11 3
95 9 | 11 3
0 0 | 0 0
0 0 | 0 0
0 0 | 0 0
0 0 | 0 0
0 0 | 0 0
0 0 | 0 0
0 0 | 0 0
0 0 | 0 0
0 0 | 0 0
0 0 | 0 0
0 0 | 0 0
0 0 | 0 0
0 0 | 0 0
0 0 | 0 0
0 0 | 0 0
38 9 | 4 3
23 10 | 2 3
0 0 | 0 0
0 0 | 0 0
0 0 | 0 0
0 0 | 0 0
0 0 | 0 0
677 16 | 1 3
1008 26 | 0 0
139 28 | 3 3
6927 99 | 4 3
0 0 | 0 0
0 0 | 0 0
0 0 | 0 0
0 0 | 0 0
0 0 | 0 0
0 0 | 0 0
0 0 | 2 3
0 0 | 2 3
461 90 | 0 0
1960 106 | 0 0
415 109 | 2 3
1424 120 | 2 3
0 0 | 0 0
0 0 | 0 0
0 0 | 0 0
0 0 | 0 0
0 0 | 1 3
0 0 | 0 0
0 0 | 0 0
0 0 | 0 0
0 0 | 0 0
509 122 | 8 3
2016 138 | 1 3
0 0 | 0 0
0 0 | 0 0
0 0 | 0 0
0 0 | 0 0
0 0 | 2 3
0 0 | 0 0
0 0 | 0 0
0 0 | 0 0
0 0 | 0 0
0 0 | 0 0
0 0 | 0 0
0 0 | 0 0
3397 155 | 0 0
7450 212 | 11 3
0 0 | 0 0
0 0 | 0 0
0 0 | 0 0
0 0 | 0 0
0 0 | 0 0
0 0 | 0 0
0 0 | 0 0
0 0 | 0 0
0 0 | 0 0
0 0 | 0 0
0 0 | 0 0
0 0 | 0 0
383 200 | 2 3
0 0 | 0 0
0 0 | 0 0
0 0 | 0 0
0 0 | 0 0
0 0 | 0 0
0 0 | 0 0
0 0 | 0 0
0 0 | 0 0
0 0 | 0 0
1861 201 | 0 0
0 0 | 0 0
0 0 | 0 0
0 0 | 0 0
0 0 | 0 0
0 0 | 0 0
0 0 | 0 0
0 0 | 1 3
0 0 | 0 0
0 0 | 0 0
0 0 | 0 0
0 0 | 0 0
0 0 | 0 0
0 0 | 0 0
0 0 | 0 0
529 188 | 1 3
0 0 | 3 3
4825 214 | 7 3
1065 219 | 5 3
0 0 | 0 0
0 0 | 0 0
0 0 | 0 0
0 0 | 0 0
0 0 | 2 3
0 0 | 0 0
0 0 | 0 0
0 0 | 0 0
0 0 | 0 0
0 0 | 0 0
0 0 | 0 0
0 0 | 0 0
0 0 | 0 0
0 0 | 0 0
0 0 | 0 0
0 0 | 0 0
0 0 | 0 0
0 0 | 0 0
0 0 | 0 0
0 0 | 0 0
0 0 | 0 0
0 0 | 1 3
0 0 | 0 0
0 0 | 1 3
0 0 | 1 3
0 0 | 2 3
0 0 | 0 0
0 0 | 0 0
0 0 | 0 0
0 0 | 0 0
0 0 | 0 0
0 0 | 0 0
0 0 | 1 3
0 0 | 0 0
0 0 | 0 0
0 0 | 0 0
0 0 | 0 0
0 0 | 0 0
0 0 | 0 0
0 0 | 0 0
0 0 | 0 0
0 0 | 0 0
0 0 | 0 0
0 0 | 0 0
0 0 | 0 0
0 0 | 0 0
0 0 | 0 0
0 0 | 0 0
343 187 | 14 3
0 0 | 11 3
0 0 | 0 0
0 0 | 0 0
0 0 | 0 0
0 0 | 0 0
0 0 | 0 0
0 0 | 0 0
0 0 | 0 0
0 0 | 0 0
0 0 | 0 0
0 0 | 0 0
0 0 | 0 0
0 0 | 0 0
0 0 | 0 0
0 0 | 0 0
0 0 | 0 0
0 0 | 0 0
0 0 | 0 0
0 0 | 0 0
0 0 | 1 3
0 0 | 0 0
0 0 | 0 0
0 0 | 1 3
0 0 | 1 3
0 0 | 2 3
0 0 | 2 3
0 0 | 0 0
0 0 | 0 0
0 0 | 0 0
0 0 | 0 0
0 0 | 0 0
0 0 | 0 0
0 0 | 1 3
0 0 | 1 3
0 0 | 1 3
0 0 | 1 3
0 0 | 0 0
0 0 | 0 0
0 0 | 1 3
0 0 | 0 0
0 0 | 0 0
0 0 | 0 0
0 0 | 0 0
0 0 | 0 0
0 0 | 2 3
0 0 | 2 3
0 0 | 0 0
0 0 | 0 0
0 0 | 0 0
0 0 | 0 0
0 0 | 0 0
2165 163 | 26 3
0 0 | 0 0
0 0 | 0 0
0 0 | 1 3
0 0 | 0 0
0 0 | 0 0
0 0 | 0 0
0 0 | 0 0
0 0 | 2 3
0 0 | 2 3
0 0 | 0 0
0 0 | 1 3
0 0 | 0 0
0 0 | 0 0
0 0 | 0 0
0 0 | 0 0
0 0 | 0 0
0 0 | 11 3
0 0 | 0 0
0 0 | 0 0
0 0 | 0 0
0 0 | 0 0
0 0 | 1 3
0 0 | 0 0
0 0 | 0 0
0 0 | 1 3
0 0 | 0 0
0 0 | 1 3
0 0 | 0 0
0 0 | 0 0
0 0 | 0 0
0 0 | 0 0
0 0 | 0 0
0 0 | 1 3
0 0 | 0 0
0 0 | 1 3
0 0 | 1 3
0 0 | 2 3
0 0 | 1 3
0 0 | 0 0
0 0 | 0 0
0 0 | 0 0
1298 147 | 12 3
0 0 | 7 3
0 0 | 0 0
0 0 | 0 0
0 0 | 0 0
0 0 | 0 0
0 0 | 2 3
0 0 | 2 3
2924 155 | 13 3
0 0 | 0 0
0 0 | 2 3
0 0 | 3 3
0 0 | 2 3
0 0 | 1 3
0 0 | 2 3
0 0 | 1 3
0 0 | 1 3
0 0 | 3 3
0 0 | 1 3
0 0 | 0 0
0 0 | 0 0
0 0 | 1 3
0 0 | 2 3
0 0 | 0 0
0 0 | 0 0
0 0 | 0 0
0 0 | 0 0
0 0 | 0 0
1 1 | 0 0
0 0 | 1 1
3 2 | 0 0
0 0 | 0 0
2 2 | 0 0
0 0 | 0 0
0 0 | 0 0
1 1 | 11 6
3 2 | 6 6
0 0 | 6 6
4 2 | 5 5
0 0 | 3 5
0 0 | 0 0
0 0 | 0 0
0 0 | 0 0
22 5 | 5 5
0 0 | 0 0
10 4 | 10 5
0 0 | 0 0
0 0 | 0 0
0 0 | 0 0
0 0 | 0 0
0 0 | 0 0
0 0 | 2 4
965 67 | 9 5
0 0 | 0 0
63 63 | 9 5
0 0 | 0 0
0 0 | 0 0
0 0 | 0 0
0 0 | 0 0
0 0 | 0 0
0 0 | 0 0
0 0 | 2 4
0 0 | 2 4
0 0 | 0 0
119 52 | 7 4
0 0 | 3 4
0 0 | 0 0
0 0 | 3 4
0 0 | 0 0
0 0 | 2 4
0 0 | 2 4
0 0 | 0 0
0 0 | 0 0
0 0 | 0 0
0 0 | 0 0
0 0 | 0 0
0 0 | 0 0
44 26 | 0 0
0 0 | 0 0
0 0 | 2 3
0 0 | 1 3
0 0 | 0 0
0 0 | 1 3
31 23 | 0 0
0 0 | 0 0
0 0 | 0 0
0 0 | 0 0
0 0 | 1 3
0 0 | 1 3
0 0 | 0 0
0 0 | 0 0
0 0 | 0 0
0 0 | 0 0
0 0 | 0 0
0 0 | 0 0
0 0 | 0 0
0 0 | 0 0
0 0 | 0 0
0 0 | 2 3
0 0 | 1 3
0 0 | 0 0
0 0 | 0 0
0 0 | 0 0
0 0 | 1 3
0 0 | 0 0
0 0 | 0 0
0 0 | 2 3
0 0 | 2 3
0 0 | 0 0
0 0 | 0 0
0 0 | 2 3
0 0 | 2 3
0 0 | 0 0
0 0 | 0 0
0 0 | 0 0
0 0 | 0 0
0 0 | 1 3
0 0 | 0 0
0 0 | 0 0
0 0 | 1 3
0 0 | 2 3
103 17 | 14 3
175 19 | 0 0
0 0 | 1 3
0 0 | 12 3
0 0 | 1 3
0 0 | 1 3
0 0 | 1 3
0 0 | 1 3
0 0 | 1 3
0 0 | 1 3
0 0 | 1 3
0 0 | 0 0
38 18 | 0 0
88 19 | 0 0
0 0 | 0 0
0 0 | 0 0
0 0 | 0 0
0 0 | 0 0
359 21 | 0 0
330 24 | 18 3
0 0 | 17 3
171 25 | 0 0
58 25 | 12 3
0 0 | 0 0
0 0 | 0 0
873 32 | 4 3
0 0 | 2 3
70 32 | 10 3
406 35 | 8 4
0 0 | 3 3
233 37 | 2 3
0 0 | 0 0
0 0 | 0 0
109 37 | 0 0
0 0 | 0 0
32 37 | 4 3
0 0 | 0 0
0 0 | 1 3
63 37 | 4 3
0 0 | 1 3
0 0 | 0 0
0 0 | 0 0
0 0 | 0 0
0 0 | 1 3
0 0 | 1 3
0 0 | 1 3
0 0 | 0 0
0 0 | 2 3
0 0 | 1 3
0 0 | 1 3
0 0 | 3 3
0 0 | 0 0
0 0 | 1 3
0 0 | 0 0
0 0 | 0 0
0 0 | 0 0
0 0 | 0 0
0 0 | 1 3
0 0 | 3 3
0 0 | 0 0
0 0 | 1 3
0 0 | 1 3
0 0 | 8 3
0 0 | 1 3
9 9 | 0 0
0 0 | 0 0
27 10 | 0 0
0 0 | 1 1
0 0 | 0 0
0 0 | 0 0
0 0 | 0 0
0 0 | 1 1
0 0 | 0 0
0 0 | 0 0
0 0 | 2 1
0 0 | 0 0
0 0 | 0 0
0 0 | 2 1
0 0 | 1 1
0 0 | 1 1
0 0 | 2 1
0 0 | 0 0
0 0 | 0 0
0 0 | 0 0
0 0 | 0 0
0 0 | 0 0
0 0 | 0 0
0 0 | 0 0
0 0 | 0 0
0 0 | 2 2
0 0 | 2 2
0 0 | 3 2
0 0 | 1 2
0 0 | 3 2
0 0 | 3 2
0 0 | 1 2
0 0 | 3 2
0 0 | 4 2
0 0 | 2 2
0 0 | 4 2
0 0 | 3 2
0 0 | 2 2
0 0 | 2 2
0 0 | 0 0
0 0 | 1 2
0 0 | 0 0
0 0 | 0 0
0 0 | 0 0
0 0 | 0 0
1 1 | 0 0
0 0 | 0 0
0 0 | 0 0
0 0 | 0 0
0 0 | 1 2
0 0 | 9 2
0 0 | 1 2
0 0 | 1 2
0 0 | 1 2
0 0 | 1 2
0 0 | 1 2
0 0 | 1 2
0 0 | 2 2
20 10 | 19 2
0 0 | 19 3
0 0 | 1 3
0 0 | 3 3
0 0 | 2 3
0 0 | 2 3
0 0 | 4 3
0 0 | 1 3
0 0 | 1 3
0 0 | 3 3
0 0 | 1 3
0 0 | 1 3
0 0 | 1 3
0 0 | 1 2
0 0 | 0 0
0 0 | 0 0
0 0 | 2 2
0 0 | 17 3
0 0 | 16 3
0 0 | 1 3
0 0 | 4 3
0 0 | 0 0
0 0 | 0 0
0 0 | 1 3
0 0 | 6 6
0 0 | 0 0
0 0 | 1 3
0 0 | 1 2
0 0 | 1 2
0 0 | 2 2
0 0 | 1 2
0 0 | 1 1
0 0 | 0 0
0 0 | 1 1
0 0 | 3 1
0 0 | 4 2
0 0 | 1 2
0 0 | 0 0
0 0 | 2 2
0 0 | 3 2
0 0 | 1 2
0 0 | 2 2
0 0 | 2 2
0 0 | 1 1
0 0 | 1 1
0 0 | 1 1
0 0 | 2 1
0 0 | 2 1
0 0 | 0 0
0 0 | 2 1
0 0 | 0 0
0 0 | 0 0
0 0 | 1 1
0 0 | 1 1
0 0 | 1 1
0 0 | 1 1
0 0 | 2 1
0 0 | 1 1
0 0 | 2 1
0 0 | 2 1
0 0 | 2 1
0 0 | 1 1
0 0 | 3 1
0 0 | 1 1
0 0 | 2 1
0 0 | 1 1
0 0 | 0 0
0 0 | 2 1
0 0 | 2 1
0 0 | 1 1
0 0 | 1 1
0 0 | 1 1
0 0 | 2 1
0 0 | 0 0
0 0 | 1 1
0 0 | 0 0
0 0 | 1 1
0 0 | 2 1
0 0 | 2 1
0 0 | 2 1
0 0 | 2 1
0 0 | 1 1
0 0 | 0 0
0 0 | 0 0
0 0 | 1 1
0 0 | 1 1
0 0 | 1 1
0 0 | 1 1
0 0 | 1 1
0 0 | 1 1
0 0 | 1 1
0 0 | 1 1
0 0 | 0 0
0 0 | 0 0
0 0 | 1 1
0 0 | 0 0
0 0 | 0 0
0 0 | 1 1
0 0 | 3 1
0 0 | 1 1
0 0 | 1 1
0 0 | 0 0
0 0 | 0 0
0 0 | 0 0
0 0 | 0 0
0 0 | 1 1
0 0 | 0 0
0 0 | 0 0
0 0 | 0 0
0 0 | 1 1
0 0 | 1 1
0 0 | 1 1
0 0 | 2 1
5 5 | 16 1
0 0 | 15 1
0 0 | 13 2
0 0 | 6 2
0 0 | 9 2
0 0 | 6 2
0 0 | 4 2
0 0 | 4 2
8 6 | 1 2
0 0 | 4 2
0 0 | 0 0
0 0 | 1 2
0 0 | 3 2
0 0 | 0 0
0 0 | 0 0
0 0 | 0 0
0 0 | 0 0
0 0 | 0 0
0 0 | 1 2
0 0 | 0 0
0 0 | 1 2
0 0 | 0 0
0 0 | 0 0
0 0 | 1 2
0 0 | 0 0
0 0 | 0 0
0 0 | 0 0
0 0 | 4 2
0 0 | 5 5
0 0 | 6 5
0 0 | 0 0
0 0 | 0 0
0 0 | 0 0
0 0 | 0 0
0 0 | 2 4
0 0 | 2 3
0 0 | 16 6
0 0 | 4 5
0 0 | 0 0
0 0 | 0 0
0 0 | 0 0
0 0 | 0 0
0 0 | 0 0
0 0 | 21 5
0 0 | 13 6
0 0 | 13 6
0 0 | 0 0
0 0 | 0 0
0 0 | 0 0
0 0 | 0 0
0 0 | 0 0
0 0 | 0 0
0 0 | 0 0
0 0 | 0 0
0 0 | 0 0
0 0 | 21 5
0 0 | 14 6
0 0 | 20 6
0 0 | 8 6
0 0 | 17 7
0 0 | 12 7
0 0 | 0 0
0 0 | 0 0
0 0 | 4 7
0 0 | 4 6
0 0 | 0 0
0 0 | 0 0
0 0 | 0 0
0 0 | 5 6
0 0 | 3 6
0 0 | 0 0
0 0 | 2 6
0 0 | 5 6
0 0 | 0 0
0 0 | 0 0
0 0 | 0 0
0 0 | 2 6
0 0 | 4 6
0 0 | 2 5
0 0 | 2 5
0 0 | 0 0
0 0 | 0 0
0 0 | 3 5
0 0 | 7 5
0 0 | 0 0
0 0 | 14 5
0 0 | 13 6
0 0 | 25 6
0 0 | 17 6
0 0 | 4 6
0 0 | 19 6
0 0 | 2 6
0 0 | 2 6
0 0 | 1 1
0 0 | 12 6
0 0 | 5 6
0 0 | 0 0
0 0 | 0 0
0 0 | 4 4
0 0 | 3 4
0 0 | 0 0
0 0 | 22 6
0 0 | 22 8
0 0 | 4 8
0 0 | 4 7
0 0 | 9 7
0 0 | 10 8
0 0 | 0 0
0 0 | 16 8
0 0 | 19 9
0 0 | 3 9
0 0 | 3 8
0 0 | 0 0
0 0 | 10 8
0 0 | 0 0
0 0 | 0 0
0 0 | 4 8
0 0 | 4 8
0 0 | 6 7
0 0 | 5 7
0 0 | 8 7
0 0 | 12 7
0 0 | 9 7
0 0 | 7 7
0 0 | 5 7
0 0 | 18 7
0 0 | 15 7
0 0 | 16 7
0 0 | 20 8
0 0 | 21 8
0 0 | 19 8
0 0 | 5 8
0 0 | 6 8
0 0 | 10 8
0 0 | 9 8
0 0 | 12 8
0 0 | 6 8
0 0 | 3 8
0 0 | 4 8
0 0 | 5 8
0 0 | 9 8
0 0 | 21 8
0 0 | 13 8
0 0 | 17 8
0 0 | 6 8
0 0 | 10 8
0 0 | 3 8
0 0 | 3 8
0 0 | 0 0
0 0 | 8 8
0 0 | 7 8
0 0 | 0 0
0 0 | 4 8
0 0 | 4 8
0 0 | 3 8
0 0 | 6 7
0 0 | 7 7
0 0 | 4 7
0 0 | 7 7
0 0 | 10 7
0 0 | 11 7
0 0 | 3 7
0 0 | 5 7
0 0 | 14 7
0 0 | 14 7
0 0 | 5 5
0 0 | 2 3
0 0 | 0 0
0 0 | 0 0
0 0 | 1 2
0 0 | 3 2
0 0 | 0 0
0 0 | 1 2
0 0 | 1 2
0 0 | 7 2
0 0 | 8 3
0 0 | 0 0
0 0 | 5 3
0 0 | 4 3
0 0 | 0 0
0 0 | 1 3
0 0 | 0 0
0 0 | 2 3
0 0 | 0 0
0 0 | 8 3
0 0 | 1 3
0 0 | 9 3
0 0 | 9 4
0 0 | 3 4
0 0 | 2 4
0 0 | 3 3
0 0 | 1 3
0 0 | 1 3
0 0 | 1 3
0 0 | 1 3
0 0 | 11 3
0 0 | 7 3
0 0 | 4 3
0 0 | 2 3
0 0 | 0 0
0 0 | 0 0
0 0 | 0 0
0 0 | 4 3
0 0 | 4 3
0 0 | 1 3
0 0 | 0 0
0 0 | 1 3
0 0 | 1 3
0 0 | 1 3
0 0 | 0 0
0 0 | 0 0
0 0 | 0 0
0 0 | 2 3
0 0 | 2 3
0 0 | 2 3
0 0 | 2 3
0 0 | 2 3
0 0 | 3 3
0 0 | 2 2
0 0 | 2 2
0 0 | 3 2
0 0 | 3 2
0 0 | 8 3
0 0 | 15 5
0 0 | 3 5
0 0 | 3 4
0 0 | 8 5
0 0 | 5 4
0 0 | 2 4
0 0 | 0 0
0 0 | 0 0
0 0 | 16 5
0 0 | 0 0
0 0 | 2 5
0 0 | 13 5
0 0 | 8 5
0 0 | 13 6
0 0 | 6 6
0 0 | 4 5
0 0 | 0 0
0 0 | 3 5
0 0 | 5 5
0 0 | 3 5
0 0 | 5 5
0 0 | 2 5
0 0 | 2 5
0 0 | 0 0
0 0 | 2 4
0 0 | 2 4
0 0 | 0 0
0 0 | 4 4
0 0 | 12 4
0 0 | 12 5
0 0 | 21 5
0 0 | 18 5
0 0 | 3 5
0 0 | 3 5
0 0 | 2 5
0 0 | 4 5
0 0 | 3 5
0 0 | 4 5
0 0 | 5 5
0 0 | 5 5
0 0 | 2 5
0 0 | 7 5
0 0 | 4 5
0 0 | 0 0
0 0 | 0 0
0 0 | 0 0
0 0 | 4 4
0 0 | 0 0
0 0 | 9 5
0 0 | 6 5
0 0 | 6 5
0 0 | 6 5
0 0 | 2 5
0 0 | 4 5
0 0 | 2 4
0 0 | 2 4
0 0 | 6 4
0 0 | 3 4
0 0 | 12 4
0 0 | 8 4
0 0 | 8 4
0 0 | 4 4
0 0 | 5 4
0 0 | 13 5
0 0 | 9 5
0 0 | 17 5
0 0 | 6 5
0 0 | 2 5
0 0 | 2 5
0 0 | 10 5
0 0 | 25 5
0 0 | 21 5
0 0 | 10 5
0 0 | 2 5
0 0 | 5 5
0 0 | 2 5
0 0 | 3 5
0 0 | 3 5
0 0 | 0 0
0 0 | 0 0
0 0 | 3 5
0 0 | 3 5
0 0 | 8 5
0 0 | 5 5
0 0 | 3 5
0 0 | 3 5
0 0 | 0 0
0 0 | 0 0
0 0 | 4 5
0 0 | 12 5
0 0 | 10 5
0 0 | 15 5
0 0 | 11 5
0 0 | 4 5
0 0 | 4 5
0 0 | 4 5
0 0 | 3 5
0 0 | 5 5
0 0 | 2 5
0 0 | 2 5
0 0 | 4 5
0 0 | 4 5
0 0 | 6 5
0 0 | 8 5
0 0 | 14 5
0 0 | 6 5
0 0 | 8 5
0 0 | 7 5
0 0 | 10 5
0 0 | 6 5
0 0 | 9 5
0 0 | 11 5
0 0 | 13 5
0 0 | 3 5
0 0 | 7 5
0 0 | 3 5
0 0 | 9 5
0 0 | 9 5
0 0 | 4 5
0 0 | 3 5
0 0 | 8 5
0 0 | 6 5
0 0 | 4 5
0 0 | 7 5
0 0 | 0 0
0 0 | 1 1
0 0 | 2 1
0 0 | 0 0
0 0 | 1 1
0 0 | 4 2
0 0 | 4 2
0 0 | 2 2
0 0 | 2 2
0 0 | 7 2
0 0 | 12 3
0 0 | 4 3
0 0 | 4 3
0 0 | 19 5
0 0 | 8 5
0 0 | 7 5
0 0 | 4 5
0 0 | 2 5
0 0 | 2 5
0 0 | 2 4
0 0 | 4 4
0 0 | 2 4
0 0 | 4 4
0 0 | 2 4
0 0 | 2 4
0 0 | 0 0
0 0 | 0 0
0 0 | 4 4
0 0 | 4 4
0 0 | 4 4
0 0 | 4 4
0 0 | 4 4
0 0 | 2 4
0 0 | 4 4
0 0 | 9 4
0 0 | 5 4
0 0 | 2 4
0 0 | 0 0
0 0 | 7 4
0 0 | 2 4
0 0 | 8 4
0 0 | 11 4
0 0 | 4 4
0 0 | 14 4
0 0 | 18 4
0 0 | 12 5
0 0 | 15 5
0 0 | 7 5
0 0 | 3 5
0 0 | 4 5
0 0 | 0 0
0 0 | 2 5
0 0 | 0 0
0 0 | 0 0
0 0 | 0 0
0 0 | 3 5
0 0 | 3 5
0 0 | 4 5
0 0 | 3 5
0 0 | 19 5
0 0 | 20 5
0 0 | 4 5
0 0 | 6 5
0 0 | 0 0
0 0 | 0 0
0 0 | 0 0
0 0 | 2 5
0 0 | 2 5
0 0 | 15 5
0 0 | 12 5
0 0 | 0 0
0 0 | 0 0
0 0 | 4 5
0 0 | 4 5
0 0 | 3 5
0 0 | 3 5
0 0 | 7 5
0 0 | 11 5
0 0 | 0 0
0 0 | 0 0
0 0 | 12 5
0 0 | 6 5
0 0 | 3 5
0 0 | 3 5
0 0 | 12 5
0 0 | 7 5
0 0 | 4 5
0 0 | 3 5
0 0 | 3 5
0 0 | 3 5
0 0 | 0 0
0 0 | 6 5
0 0 | 6 5
0 0 | 4 5
0 0 | 7 5
0 0 | 4 5
0 0 | 18 5
0 0 | 6 5
0 0 | 0 0
0 0 | 0 0
0 0 | 2 5
0 0 | 13 5
0 0 | 7 5
0 0 | 5 5
0 0 | 4 5
0 0 | 8 5
0 0 | 4 5
0 0 | 8 5
0 0 | 4 5
0 0 | 5 5
0 0 | 0 0
0 0 | 6 5
0 0 | 6 5
0 0 | 2 5
0 0 | 2 5
0 0 | 3 5
0 0 | 2 5
0 0 | 2 5
0 0 | 4 5
0 0 | 7 5
0 0 | 4 5
0 0 | 0 0
0 0 | 2 5
0 0 | 2 5
0 0 | 0 0
0 0 | 6 5
0 0 | 2 5
0 0 | 0 0
0 0 | 0 0
0 0 | 4 5
0 0 | 0 0
0 0 | 4 5
0 0 | 4 5
0 0 | 4 5
0 0 | 0 0
0 0 | 0 0
0 0 | 2 5
0 0 | 2 5
0 0 | 0 0
0 0 | 3 5
0 0 | 6 5
0 0 | 6 5
0 0 | 2 5
0 0 | 4 5
0 0 | 2 5
0 0 | 2 4
0 0 | 18 5
0 0 | 3 5
0 0 | 0 0
0 0 | 0 0
0 0 | 23 5
0 0 | 27 5
0 0 | 12 5
0 0 | 0 0
0 0 | 4 5
0 0 | 4 5
0 0 | 8 5
0 0 | 8 5
0 0 | 10 5
0 0 | 3 5
0 0 | 0 0
0 0 | 4 5
0 0 | 4 5
0 0 | 5 5
0 0 | 5 5
0 0 | 6 5
0 0 | 7 5
0 0 | 2 5
0 0 | 4 5
0 0 | 3 5
0 0 | 6 5
0 0 | 3 3
0 0 | 3 3
0 0 | 3 3
0 0 | 1 2
0 0 | 4 2
0 0 | 7 3
0 0 | 0 0
0 0 | 1 3
0 0 | 4 3
0 0 | 3 3
0 0 | 0 0
0 0 | 0 0
0 0 | 0 0
0 0 | 2 3
0 0 | 2 3
0 0 | 2 2
0 0 | 2 2
0 0 | 2 2
0 0 | 2 2
0 0 | 0 0
0 0 | 0 0
0 0 | 2 2
0 0 | 2 2
0 0 | 0 0
0 0 | 0 0
0 0 | 2 2
0 0 | 4 2
0 0 | 2 2
0 0 | 0 0
0 0 | 2 2
0 0 | 2 2
0 0 | 2 2
0 0 | 2 2
0 0 | 2 2
0 0 | 1 2
0 0 | 1 2
0 0 | 4 2
0 0 | 2 2
0 0 | 0 0
0 0 | 4 2
0 0 | 2 2
0 0 | 6 2
0 0 | 8 2
0 0 | 8 2
0 0 | 4 2
0 0 | 7 3
0 0 | 3 3
0 0 | 2 3
0 0 | 4 3
0 0 | 4 3
0 0 | 12 3
0 0 | 3 3
0 0 | 1 3
0 0 | 1 3
0 0 | 2 3
0 0 | 2 3
0 0 | 8 3
0 0 | 8 3
0 0 | 3 3
0 0 | 3 3
0 0 | 1 3
0 0 | 3 3
0 0 | 3 3
0 0 | 2 3
0 0 | 2 3
0 0 | 5 3
0 0 | 1 3
0 0 | 1 3
0 0 | 1 3
0 0 | 1 3
0 0 | 1 3
0 0 | 4 3
0 0 | 0 0
0 0 | 2 3
0 0 | 1 3
0 0 | 0 0
0 0 | 0 0
0 0 | 0 0
0 0 | 3 3
0 0 | 0 0
0 0 | 0 0
0 0 | 2 3
0 0 | 2 3
0 0 | 5 3
0 0 | 1 3
0 0 | 21 3
0 0 | 0 0
0 0 | 6 3
0 0 | 4 3
0 0 | 4 3
0 0 | 4 3
0 0 | 4 3
0 0 | 3 3
0 0 | 3 3
0 0 | 9 3
0 0 | 6 3
0 0 | 3 3
0 0 | 3 3
0 0 | 0 0
0 0 | 2 3
0 0 | 4 3
0 0 | 0 0
0 0 | 5 3
0 0 | 2 3
0 0 | 7 3
0 0 | 3 3
0 0 | 4 3
0 0 | 1 3
0 0 | 1 3
0 0 | 1 3
0 0 | 1 3
0 0 | 4 3
0 0 | 4 3
0 0 | 4 3
0 0 | 4 3
0 0 | 3 3
0 0 | 3 3
0 0 | 3 3
0 0 | 3 3
0 0 | 4 3
0 0 | 4 3
0 0 | 2 3
0 0 | 3 3
0 0 | 3 3
0 0 | 2 3
0 0 | 4 3
0 0 | 8 3
0 0 | 4 3
0 0 | 2 3
0 0 | 6 3
0 0 | 1 3
0 0 | 2 3
0 0 | 6 3
0 0 | 6 3
0 0 | 1 3
0 0 | 1 3
0 0 | 1 1
0 0 | 4 2
0 0 | 3 2
0 0 | 2 2
0 0 | 6 3
0 0 | 5 3
0 0 | 4 3
0 0 | 4 3
0 0 | 3 3
0 0 | 7 3
0 0 | 0 0
0 0 | 6 4
0 0 | 4 4
0 0 | 1 3
0 0 | 1 3
0 0 | 2 3
0 0 | 4 3
0 0 | 0 0
0 0 | 0 0
0 0 | 1 3
0 0 | 1 3
0 0 | 0 0
0 0 | 1 3
0 0 | 2 3
0 0 | 5 3
0 0 | 6 3
0 0 | 1 3
0 0 | 0 0
0 0 | 0 0
0 0 | 3 3
0 0 | 1 3
0 0 | 2 3
0 0 | 0 0
0 0 | 2 3
0 0 | 0 0
0 0 | 3 3
0 0 | 1 2
0 0 | 1 2
0 0 | 0 0
0 0 | 1 2
0 0 | 1 2
0 0 | 1 2
0 0 | 1 2
0 0 | 2 2
0 0 | 1 2
0 0 | 1 2
0 0 | 2 2
0 0 | 6 2
0 0 | 3 2
0 0 | 1 2
0 0 | 1 2
0 0 | 3 2
0 0 | 4 2
0 0 | 4 2
0 0 | 1 2
0 0 | 4 2
0 0 | 5 2
0 0 | 3 2
0 0 | 1 2
0 0 | 1 2
0 0 | 1 2
0 0 | 2 2
0 0 | 1 2
0 0 | 0 0
0 0 | 1 2
0 0 | 1 2
0 0 | 2 2
0 0 | 2 2
0 0 | 0 0
0 0 | 0 0
0 0 | 0 0
0 0 | 0 0
0 0 | 0 0
0 0 | 1 2
0 0 | 0 0
0 0 | 0 0
0 0 | 0 0
0 0 | 2 2
0 0 | 3 2
0 0 | 1 2
0 0 | 1 2
0 0 | 2 2
0 0 | 1 2
0 0 | 1 2
0 0 | 1 2
0 0 | 0 0
0 0 | 1 2
0 0 | 0 0
0 0 | 1 2
0 0 | 0 0
0 0 | 0 0
0 0 | 1 2
0 0 | 2 2
0 0 | 2 2
0 0 | 1 2
0 0 | 1 2
0 0 | 1 2
0 0 | 0 0
0 0 | 0 0
0 0 | 2 2
0 0 | 4 2
0 0 | 4 2
0 0 | 1 2
0 0 | 0 0
0 0 | 0 0
0 0 | 1 2
0 0 | 3 2
0 0 | 0 0
0 0 | 2 2
0 0 | 0 0
0 0 | 0 0
0 0 | 0 0
0 0 | 3 2
0 0 | 2 2
0 0 | 0 0
0 0 | 2 2
0 0 | 0 0
0 0 | 0 0
0 0 | 0 0
0 0 | 1 2
0 0 | 2 2
0 0 | 1 2
0 0 | 1 2
0 0 | 1 2
0 0 | 1 2
0 0 | 1 2
0 0 | 1 2
0 0 | 1 2
0 0 | 1 2
0 0 | 0 0
0 0 | 0 0
0 0 | 0 0
0 0 | 1 2
0 0 | 1 2
0 0 | 0 0
0 0 | 0 0
0 0 | 1 2
0 0 | 1 2
0 0 | 0 0
0 0 | 0 0
0 0 | 1 2
0 0 | 1 2
0 0 | 0 0
0 0 | 1 2
0 0 | 0 0
0 0 | 1 2
0 0 | 1 2
0 0 | 1 2
0 0 | 0 0
0 0 | 0 0
0 0 | 0 0
0 0 | 0 0
0 0 | 0 0
0 0 | 0 0
0 0 | 0 0
0 0 | 0 0
0 0 | 1 2
0 0 | 0 0
0 0 | 0 0
0 0 | 0 0
0 0 | 0 0
0 0 | 0 0
0 0 | 0 0
0 0 | 0 0
0 0 | 0 0
0 0 | 1 2
0 0 | 1 1
0 0 | 1 1
0 0 | 1 1
0 0 | 1 1
0 0 | 0 0
0 0 | 3 1
0 0 | 1 1
0 0 | 1 1
0 0 | 0 0
0 0 | 1 1
0 0 | 2 1
0 0 | 2 1
0 0 | 2 1
0 0 | 1 1
0 0 | 0 0
0 0 | 1 1
0 0 | 1 1
0 0 | 0 0
0 0 | 2 1
0 0 | 2 1
0 0 | 1 1
0 0 | 1 1
0 0 | 1 1
0 0 | 1 1
0 0 | 1 1
0 0 | 2 1
0 0 | 2 1
0 0 | 1 1
0 0 | 0 0
0 0 | 1 1
0 0 | 1 1
0 0 | 0 0
0 0 | 2 1
0 0 | 2 1
0 0 | 1 1
0 0 | 2 1
0 0 | 2 1
0 0 | 0 0
0 0 | 0 0
0 0 | 0 0
0 0 | 3 1
0 0 | 3 1
0 0 | 0 0
0 0 | 2 1
0 0 | 5 1
0 0 | 3 1
0 0 | 0 0
0 0 | 0 0
0 0 | 1 1
0 0 | 1 1
0 0 | 3 1
0 0 | 1 1
0 0 | 2 1
0 0 | 1 1
0 0 | 1 1
0 0 | 1 1
0 0 | 1 1
0 0 | 0 0
0 0 | 0 0
0 0 | 1 1
0 0 | 0 0
0 0 | 0 0
0 0 | 4 1
0 0 | 6 1
0 0 | 2 1
0 0 | 0 0
0 0 | 0 0
0 0 | 1 1
0 0 | 3 1
0 0 | 3 1
0 0 | 3 1
0 0 | 0 0
0 0 | 0 0
0 0 | 1 1
0 0 | 1 1
0 0 | 1 1
0 0 | 2 1
0 0 | 8 8
0 0 | 10 9
0 0 | 4 5
0 0 | 4 5
0 0 | 7 5
0 0 | 7 5
0 0 | 5 5
0 0 | 5 5
0 0 | 2 4
0 0 | 2 4
0 0 | 2 4
0 0 | 3 4
0 0 | 3 4
0 0 | 6 4
0 0 | 6 4
0 0 | 3 4
0 0 | 3 4
0 0 | 0 0
0 0 | 0 0
0 0 | 4 4
0 0 | 4 4
0 0 | 4 4
0 0 | 4 4
0 0 | 2 3
0 0 | 2 3
0 0 | 4 3
0 0 | 4 3
0 0 | 6 3
0 0 | 6 4
0 0 | 3 3
0 0 | 3 3
0 0 | 2 3
0 0 | 3 3
0 0 | 3 3
0 0 | 0 0
0 0 | 0 0
0 0 | 4 3
0 0 | 2 3
0 0 | 8 3
0 0 | 4 3
0 0 | 9 4
0 0 | 0 0
0 0 | 0 0
0 0 | 11 4
0 0 | 11 4
0 0 | 2 4
0 0 | 6 4
0 0 | 3 4
0 0 | 4 4
0 0 | 4 4
0 0 | 0 0
0 0 | 0 0
0 0 | 8 4
0 0 | 2 4
0 0 | 5 4
0 0 | 0 0
0 0 | 2 4
0 0 | 3 4
0 0 | 3 4
0 0 | 14 4
0 0 | 6 4
0 0 | 4 4
0 0 | 3 4
0 0 | 2 4
0 0 | 6 4
0 0 | 2 4
0 0 | 4 4
0 0 | 8 4
0 0 | 2 4
0 0 | 2 4
0 0 | 4 4
0 0 | 4 4
0 0 | 4 4
0 0 | 0 0
0 0 | 2 4
0 0 | 0 0
0 0 | 1 3
0 0 | 2 3
0 0 | 2 3
0 0 | 6 6
0 0 | 6 6
0 0 | 11 7
0 0 | 16 9
0 0 | 11 10
0 0 | 12 10
0 0 | 4 8
0 0 | 7 8
0 0 | 15 8
0 0 | 8 7
0 0 | 4 7
0 0 | 7 7
0 0 | 4 7
0 0 | 3 3
0 0 | 2 2
0 0 | 1 2
0 0 | 1 1
0 0 | 0 0
0 0 | 4 2
0 0 | 2 2
0 0 | 1 2
0 0 | 0 0
0 0 | 0 0
0 0 | 2 2
0 0 | 2 2
0 0 | 1 1
0 0 | 1 1
0 0 | 2 1
0 0 | 2 1
0 0 | 11 3
0 0 | 7 4
0 0 | 1 3
0 0 | 1 3
0 0 | 0 0
0 0 | 0 0
0 0 | 17 4
0 0 | 8 5
0 0 | 8 5
0 0 | 8 5
0 0 | 0 0
0 0 | 10 5
0 0 | 7 6
0 0 | 2 5
0 0 | 2 5
0 0 | 2 5
0 0 | 2 5
0 0 | 2 4
0 0 | 0 0
0 0 | 0 0
0 0 | 0 0
0 0 | 4 4
0 0 | 0 0
0 0 | 0 0
0 0 | 4 4
0 0 | 17 5
0 0 | 16 5
0 0 | 18 6
0 0 | 2 6
0 0 | 2 5
0 0 | 2 5
0 0 | 14 5
0 0 | 8 5
0 0 | 0 0
0 0 | 3 5
0 0 | 0 0
0 0 | 0 0
0 0 | 9 5
0 0 | 2 5
0 0 | 10 5
0 0 | 11 5
0 0 | 0 0
0 0 | 0 0
0 0 | 3 5
0 0 | 3 5
0 0 | 0 0
0 0 | 0 0
0 0 | 0 0
0 0 | 4 5
0 0 | 4 5
0 0 | 4 5
0 0 | 6 5
0 0 | 3 5
0 0 | 3 5
0 0 | 0 0
0 0 | 0 0
0 0 | 2 5
0 0 | 2 5
0 0 | 4 5
0 0 | 4 5
0 0 | 5 5
0 0 | 0 0
0 0 | 0 0
0 0 | 16 5
0 0 | 12 5
0 0 | 4 5
0 0 | 4 5
0 0 | 2 5
0 0 | 2 5
0 0 | 0 0
0 0 | 0 0
0 0 | 7 5
0 0 | 3 5
0 0 | 2 4
0 0 | 19 5
0 0 | 19 5
0 0 | 4 5
0 0 | 3 5
0 0 | 3 5
0 0 | 9 5
0 0 | 6 5
0 0 | 5 5
0 0 | 15 5
0 0 | 18 5
0 0 | 0 0
0 0 | 0 0
0 0 | 4 5
0 0 | 4 5
0 0 | 2 5
0 0 | 2 5
0 0 | 2 5
0 0 | 3 5
0 0 | 3 5
0 0 | 3 5
0 0 | 3 5
0 0 | 3 5
0 0 | 7 5
0 0 | 2 5
0 0 | 2 5
0 0 | 2 4
0 0 | 0 0
0 0 | 2 4
0 0 | 3 4
0 0 | 2 4
0 0 | 2 4
0 0 | 4 4
0 0 | 4 4
0 0 | 0 0
0 0 | 4 4
0 0 | 4 4
0 0 | 3 4
0 0 | 3 4
0 0 | 2 4
0 0 | 2 4
0 0 | 2 4
0 0 | 4 4
0 0 | 2 4
0 0 | 0 0
0 0 | 3 4
0 0 | 3 4
0 0 | 2 4
0 0 | 2 4
0 0 | 2 4
0 0 | 4 4
0 0 | 4 4
0 0 | 7 4
0 0 | 4 4
0 0 | 4 4
0 0 | 8 4
0 0 | 8 4
0 0 | 0 0
0 0 | 0 0
0 0 | 2 4
0 0 | 2 4
0 0 | 3 4
0 0 | 3 4
0 0 | 10 4
0 0 | 8 4
0 0 | 3 4
0 0 | 8 4
0 0 | 8 4
0 0 | 0 0
0 0 | 6 4
0 0 | 2 4
0 0 | 19 4
0 0 | 11 4
0 0 | 0 0
0 0 | 15 4
0 0 | 11 4
0 0 | 5 4
0 0 | 4 4
0 0 | 3 4
0 0 | 3 4
0 0 | 2 4
0 0 | 7 4
0 0 | 8 4
0 0 | 4 4
0 0 | 4 4
0 0 | 4 4
0 0 | 0 0
0 0 | 0 0
0 0 | 0 0
0 0 | 2 4
0 0 | 3 4
0 0 | 3 4
0 0 | 3 4
0 0 | 3 4
0 0 | 4 4
0 0 | 4 4
0 0 | 3 4
0 0 | 0 0
0 0 | 0 0
0 0 | 2 4
0 0 | 0 0
0 0 | 0 0
0 0 | 3 4
0 0 | 3 4
0 0 | 7 4
0 0 | 7 4
0 0 | 5 4
0 0 | 5 4
0 0 | 3 4
0 0 | 0 0
0 0 | 8 4
0 0 | 3 4
0 0 | 3 4
0 0 | 7 4
0 0 | 5 4
0 0 | 24 4
0 0 | 4 4
0 0 | 2 4
0 0 | 4 4
0 0 | 4 4
0 0 | 0 0
0 0 | 22 4
0 0 | 22 4
0 0 | 2 4
0 0 | 2 4
0 0 | 19 4
0 0 | 3 4
0 0 | 3 4
0 0 | 3 4
0 0 | 2 4
0 0 | 2 4
0 0 | 4 4
0 0 | 4 4
0 0 | 4 4
0 0 | 4 4
0 0 | 14 4
0 0 | 10 4
0 0 | 4 4
0 0 | 4 4
0 0 | 11 4
0 0 | 7 4
0 0 | 2 4
0 0 | 2 4
0 0 | 3 4
0 0 | 4 4
0 0 | 3 4
0 0 | 2 4
0 0 | 3 4
0 0 | 3 4
0 0 | 0 0
0 0 | 1 1
0 0 | 3 2
0 0 | 3 2
0 0 | 8 3
0 0 | 9 4
0 0 | 4 4
0 0 | 4 4
0 0 | 8 5
0 0 | 5 4
0 0 | 5 4
0 0 | 4 4
0 0 | 2 4
0 0 | 2 4
0 0 | 2 4
0 0 | 0 0
0 0 | 1 3
0 0 | 3 3
0 0 | 5 3
0 0 | 5 3
0 0 | 8 4
0 0 | 9 4
0 0 | 0 0
0 0 | 3 4
0 0 | 3 4
0 0 | 4 4
0 0 | 4 4
0 0 | 3 3
0 0 | 15 4
0 0 | 4 4
0 0 | 5 4
0 0 | 3 4
0 0 | 9 4
0 0 | 3 4
0 0 | 3 4
0 0 | 3 4
0 0 | 4 4
0 0 | 3 4
0 0 | 19 4
0 0 | 13 4
0 0 | 0 0
0 0 | 0 0
0 0 | 3 4
0 0 | 3 4
0 0 | 2 4
0 0 | 2 4
0 0 | 7 4
0 0 | 4 4
0 0 | 4 4
0 0 | 4 4
0 0 | 11 4
0 0 | 11 4
0 0 | 3 4
0 0 | 3 4
0 0 | 2 4
0 0 | 0 0
0 0 | 4 4
0 0 | 4 4
0 0 | 4 4
0 0 | 4 4
0 0 | 0 0
0 0 | 2 4
0 0 | 4 4
0 0 | 6 4
0 0 | 6 4
0 0 | 3 4
0 0 | 3 4
0 0 | 3 4
0 0 | 3 4
0 0 | 2 4
0 0 | 2 4
0 0 | 14 4
0 0 | 10 4
0 0 | 11 4
0 0 | 2 4
0 0 | 2 4
0 0 | 4 4
0 0 | 4 4
0 0 | 4 4
0 0 | 6 4
0 0 | 8 4
0 0 | 2 4
0 0 | 3 4
0 0 | 4 4
0 0 | 4 4
0 0 | 7 4
0 0 | 8 4
0 0 | 7 4
0 0 | 3 4
0 0 | 4 4
0 0 | 4 4
0 0 | 4 4
0 0 | 4 4
0 0 | 12 4
0 0 | 4 4
0 0 | 4 4
0 0 | 3 4
0 0 | 3 4
0 0 | 3 4
0 0 | 14 4
0 0 | 7 4
0 0 | 4 4
0 0 | 4 4
0 0 | 4 4
0 0 | 4 4
0 0 | 0 0
0 0 | 17 4
0 0 | 19 4
0 0 | 3 4
0 0 | 8 4
0 0 | 11 4
0 0 | 11 4
0 0 | 5 4
0 0 | 14 4
0 0 | 10 4
0 0 | 8 4
0 0 | 4 4
0 0 | 4 4
0 0 | 11 5
0 0 | 6 5
0 0 | 2 4
0 0 | 2 4
0 0 | 2 4
0 0 | 2 4
0 0 | 4 4
0 0 | 4 4
0 0 | 3 4
0 0 | 3 4
0 0 | 7 4
0 0 | 5 4
0 0 | 4 4
0 0 | 4 4
0 0 | 0 0
0 0 | 2 4
0 0 | 5 4
0 0 | 6 4
0 0 | 2 4
0 0 | 8 4
0 0 | 18 4
0 0 | 10 4
0 0 | 4 4
0 0 | 4 4
0 0 | 0 0
0 0 | 0 0
0 0 | 0 0
0 0 | 4 4
0 0 | 4 4
0 0 | 4 4
0 0 | 0 0
0 0 | 0 0
0 0 | 6 4
0 0 | 6 4
0 0 | 3 4
0 0 | 0 0
0 0 | 7 4
0 0 | 8 4
0 0 | 4 4
0 0 | 15 4
0 0 | 7 4
0 0 | 3 4
0 0 | 4 4
0 0 | 3 4
0 0 | 3 4
0 0 | 0 0
0 0 | 4 4
0 0 | 3 4
0 0 | 3 4
0 0 | 3 4
0 0 | 3 4
0 0 | 8 4
0 0 | 4 4
0 0 | 2 4
0 0 | 2 4
0 0 | 3 4
0 0 | 2 4
0 0 | 2 4
0 0 | 6 4
0 0 | 6 4
0 0 | 2 4
0 0 | 5 4
0 0 | 3 4
0 0 | 3 4
0 0 | 4 4
0 0 | 2 4
0 0 | 2 4
0 0 | 2 4
0 0 | 3 4
0 0 | 2 4
0 0 | 2 4
0 0 | 7 4
0 0 | 3 4
0 0 | 2 4
0 0 | 2 4
0 0 | 4 4
0 0 | 4 4
0 0 | 3 4
0 0 | 3 4
0 0 | 8 4
0 0 | 8 4
0 0 | 8 4
0 0 | 5 4
0 0 | 5 4
0 0 | 9 4
0 0 | 5 4
0 0 | 3 4
0 0 | 4 4
0 0 | 4 4
0 0 | 6 4
0 0 | 6 4
0 0 | 4 4
0 0 | 3 4
0 0 | 3 4
0 0 | 3 4
0 0 | 3 4
0 0 | 3 4
0 0 | 25 4
0 0 | 14 4
0 0 | 6 4
0 0 | 6 4
0 0 | 0 0
0 0 | 4 4
0 0 | 3 4
0 0 | 3 4
0 0 | 0 0
0 0 | 0 0
0 0 | 12 4
0 0 | 6 4
0 0 | 15 4
0 0 | 6 4
0 0 | 2 4
0 0 | 4 4
0 0 | 2 4
0 0 | 10 4
0 0 | 4 4
0 0 | 2 4
0 0 | 4 4
0 0 | 4 4
0 0 | 3 4
0 0 | 3 4
0 0 | 8 4
0 0 | 5 4
0 0 | 5 4
0 0 | 12 4
0 0 | 11 4
0 0 | 0 0
0 0 | 2 4
0 0 | 2 4
0 0 | 4 4
0 0 | 4 4
0 0 | 8 4
0 0 | 2 4
0 0 | 2 4
0 0 | 4 4
0 0 | 4 4
0 0 | 6 4
0 0 | 2 4
0 0 | 3 4
0 0 | 2 4
0 0 | 4 4
0 0 | 4 4
0 0 | 4 4
0 0 | 7 4
0 0 | 4 4
0 0 | 0 0
0 0 | 4 4
0 0 | 4 4
0 0 | 4 4
0 0 | 4 4
0 0 | 7 4
0 0 | 3 4
0 0 | 4 4
0 0 | 5 4
0 0 | 7 4
0 0 | 2 4
0 0 | 2 4
0 0 | 8 4
0 0 | 4 4
0 0 | 3 4
0 0 | 4 4
0 0 | 8 4
0 0 | 4 4
0 0 | 4 4
0 0 | 5 4
0 0 | 5 4
0 0 | 8 4
0 0 | 0 0
0 0 | 0 0
0 0 | 2 4
0 0 | 2 4
0 0 | 0 0
0 0 | 0 0
0 0 | 0 0
0 0 | 2 4
0 0 | 3 4
0 0 | 3 4
0 0 | 10 4
0 0 | 7 4
0 0 | 5 4
0 0 | 9 4
0 0 | 3 4
0 0 | 3 4
0 0 | 1 1
0 0 | 3 2
0 0 | 1 1
0 0 | 1 1
0 0 | 0 0
0 0 | 0 0
0 0 | 0 0
0 0 | 1 1
0 0 | 0 0
0 0 | 2 1
0 0 | 4 1
0 0 | 10 2
0 0 | 10 3
0 0 | 2 3
0 0 | 1 3
0 0 | 1 3
0 0 | 2 3
0 0 | 2 2
0 0 | 0 0
0 0 | 0 0
0 0 | 3 2
0 0 | 1 2
0 0 | 10 3
0 0 | 10 3
0 0 | 0 0
0 0 | 3 3
0 0 | 3 3
0 0 | 0 0
0 0 | 0 0
0 0 | 6 3
0 0 | 3 3
0 0 | 2 3
0 0 | 1 3
0 0 | 2 3
0 0 | 6 3
0 0 | 3 3
0 0 | 3 3
0 0 | 13 3
0 0 | 13 4
0 0 | 0 0
0 0 | 2 3
0 0 | 1 3
0 0 | 1 3
0 0 | 0 0
0 0 | 4 3
0 0 | 3 3
0 0 | 3 3
0 0 | 4 3
0 0 | 4 3
0 0 | 1 3
0 0 | 1 3
0 0 | 1 3
0 0 | 1 3
0 0 | 4 3
0 0 | 0 0
0 0 | 1 3
0 0 | 0 0
0 0 | 2 3
0 0 | 2 3
0 0 | 16 3
0 0 | 11 3
0 0 | 1 3
0 0 | 1 3
0 0 | 1 3
0 0 | 1 3
0 0 | 2 3
0 0 | 5 3
0 0 | 2 3
0 0 | 4 3
0 0 | 2 3
0 0 | 5 3
0 0 | 2 3
0 0 | 3 3
0 0 | 2 3
0 0 | 6 3
0 0 | 4 3
0 0 | 7 3
0 0 | 7 3
0 0 | 6 3
0 0 | 6 3
0 0 | 4 3
0 0 | 4 3
0 0 | 4 3
0 0 | 4 3
0 0 | 3 3
0 0 | 0 0
0 0 | 5 3
0 0 | 4 3
0 0 | 8 3
0 0 | 4 3
0 0 | 3 3
0 0 | 6 3
0 0 | 3 3
0 0 | 3 3
0 0 | 4 3
0 0 | 11 3
0 0 | 6 3
0 0 | 20 4
0 0 | 19 4
0 0 | 6 4
0 0 | 2 4
0 0 | 4 4
0 0 | 4 4
0 0 | 3 4
0 0 | 3 4
0 0 | 4 4
0 0 | 4 4
0 0 | 3 4
0 0 | 0 0
0 0 | 0 0
0 0 | 4 4
0 0 | 6 4
0 0 | 4 4
0 0 | 4 4
0 0 | 7 4
0 0 | 3 4
0 0 | 3 4
0 0 | 6 4
0 0 | 5 4
0 0 | 3 4
0 0 | 3 4
0 0 | 3 4
0 0 | 3 4
0 0 | 4 4
0 0 | 6 4
0 0 | 6 4
0 0 | 8 4
0 0 | 9 4
0 0 | 6 4
0 0 | 2 4
0 0 | 7 4
0 0 | 3 4
0 0 | 4 4
0 0 | 4 4
0 0 | 9 4
0 0 | 7 4
0 0 | 5 4
0 0 | 4 4
0 0 | 4 4
0 0 | 9 4
0 0 | 4 4
0 0 | 4 4
0 0 | 5 4
0 0 | 6 4
0 0 | 3 4
0 0 | 2 4
0 0 | 2 4
0 0 | 5 4
0 0 | 5 4
0 0 | 3 4
0 0 | 2 4
0 0 | 4 4
0 0 | 4 4
0 0 | 4 4
0 0 | 2 4
0 0 | 2 4
0 0 | 2 4
0 0 | 2 4
0 0 | 4 4
0 0 | 4 4
0 0 | 4 4
0 0 | 7 5
0 0 | 7 6
0 0 | 4 5
0 0 | 4 5
0 0 | 2 4
0 0 | 2 4
0 0 | 5 4
0 0 | 5 4
0 0 | 8 4
0 0 | 2 4
0 0 | 3 4
0 0 | 2 4
0 0 | 10 4
0 0 | 2 4
0 0 | 0 0
0 0 | 0 0
0 0 | 8 4
0 0 | 6 4
0 0 | 2 4
0 0 | 5 4
0 0 | 2 4
0 0 | 3 4
0 0 | 2 4
0 0 | 5 4
0 0 | 3 4
0 0 | 3 4
0 0 | 8 4
0 0 | 8 4
0 0 | 3 4
0 0 | 7 4
0 0 | 4 4
0 0 | 7 4
0 0 | 7 4
0 0 | 3 4
0 0 | 6 4
0 0 | 6 4
0 0 | 0 0
0 0 | 0 0
0 0 | 2 4
0 0 | 2 4
0 0 | 2 4
0 0 | 6 4
0 0 | 2 4
0 0 | 20 4
0 0 | 5 4
0 0 | 0 0
0 0 | 7 4
0 0 | 7 4
0 0 | 2 4
0 0 | 2 4
0 0 | 3 4
0 0 | 2 4
0 0 | 5 4
0 0 | 4 4
0 0 | 5 4
0 0 | 2 4
0 0 | 5 4
0 0 | 3 4
0 0 | 2 4
0 0 | 5 4
0 0 | 5 4
0 0 | 6 4
0 0 | 8 4
0 0 | 4 4
0 0 | 4 4
0 0 | 6 4
0 0 | 6 4
0 0 | 5 4
0 0 | 6 4
0 0 | 18 4
0 0 | 11 4
0 0 | 4 4
0 0 | 6 4
0 0 | 0 0
0 0 | 0 0
0 0 | 6 4
0 0 | 10 4
0 0 | 4 4
0 0 | 4 4
0 0 | 5 4
0 0 | 6 4
0 0 | 8 4
0 0 | 4 4
0 0 | 4 4
0 0 | 2 4
0 0 | 2 4
0 0 | 4 4
0 0 | 4 4
0 0 | 3 4
0 0 | 7 4
0 0 | 7 4
0 0 | 4 4
0 0 | 4 4
0 0 | 5 4
0 0 | 5 4
0 0 | 2 4
0 0 | 2 4
0 0 | 4 4
0 0 | 5 4
0 0 | 2 4
0 0 | 4 4
0 0 | 8 4
0 0 | 4 4
0 0 | 8 4
0 0 | 5 4
0 0 | 3 4
0 0 | 6 4
0 0 | 3 4
0 0 | 2 4
0 0 | 17 4
0 0 | 7 4
0 0 | 4 4
0 0 | 2 4
0 0 | 2 4
0 0 | 17 4
0 0 | 6 4
0 0 | 2 4
0 0 | 19 4
0 0 | 39 5
0 0 | 1 1
0 0 | 1 1
0 0 | 5 2
0 0 | 5 3
0 0 | 4 3
0 0 | 4 3
0 0 | 1 3
0 0 | 4 3
0 0 | 4 3
0 0 | 1 3
0 0 | 1 2
0 0 | 1 2
0 0 | 5 2
0 0 | 3 2
0 0 | 4 2
0 0 | 1 2
0 0 | 2 2
0 0 | 2 2
0 0 | 1 2
0 0 | 6 2
0 0 | 3 2
0 0 | 3 2
0 0 | 3 2
0 0 | 4 2
0 0 | 4 2
0 0 | 0 0
0 0 | 0 0
0 0 | 1 2
0 0 | 1 2
0 0 | 0 0
0 0 | 0 0
0 0 | 4 2
0 0 | 2 2
0 0 | 1 2
0 0 | 6 2
0 0 | 4 2
0 0 | 1 2
0 0 | 2 2
0 0 | 3 2
0 0 | 3 2
0 0 | 2 2
0 0 | 5 2
0 0 | 8 2
0 0 | 7 3
0 0 | 1 3
0 0 | 1 2
0 0 | 0 0
0 0 | 4 3
0 0 | 2 2
0 0 | 6 3
0 0 | 4 3
0 0 | 1 3
0 0 | 1 2
0 0 | 1 2
0 0 | 5 2
0 0 | 5 3
0 0 | 4 3
0 0 | 1 3
0 0 | 1 2
0 0 | 6 3
0 0 | 8 3
0 0 | 7 3
0 0 | 10 3
0 0 | 2 3
0 0 | 2 3
0 0 | 5 3
0 0 | 5 3
0 0 | 3 3
0 0 | 3 3
0 0 | 4 3
0 0 | 4 3
0 0 | 6 3
0 0 | 9 3
0 0 | 2 3
0 0 | 2 3
0 0 | 4 3
0 0 | 4 3
0 0 | 4 3
0 0 | 7 3
0 0 | 2 3
0 0 | 0 0
0 0 | 0 0
0 0 | 0 0
0 0 | 0 0
0 0 | 0 0
0 0 | 2 3
0 0 | 2 3
0 0 | 7 3
0 0 | 0 0
0 0 | 0 0
0 0 | 5 3
0 0 | 7 3
0 0 | 3 3
0 0 | 5 3
0 0 | 0 0
0 0 | 0 0
0 0 | 6 3
0 0 | 6 3
0 0 | 2 3
0 0 | 2 3
0 0 | 6 3
0 0 | 9 3
0 0 | 9 3
0 0 | 5 3
0 0 | 5 3
0 0 | 7 3
0 0 | 3 3
0 0 | 4 3
0 0 | 4 3
0 0 | 6 3
0 0 | 2 3
0 0 | 8 3
0 0 | 7 3
0 0 | 1 3
0 0 | 4 3
0 0 | 4 3
0 0 | 0 0
0 0 | 0 0
0 0 | 0 0
0 0 | 0 0
0 0 | 7 3
0 0 | 8 3
0 0 | 0 0
0 0 | 0 0
0 0 | 3 3
0 0 | 4 3
0 0 | 7 3
0 0 | 4 3
0 0 | 4 3
0 0 | 2 3
0 0 | 1 3
0 0 | 9 3
0 0 | 9 3
0 0 | 1 3
0 0 | 1 3
0 0 | 12 3
0 0 | 8 4
0 0 | 10 4
0 0 | 10 4
0 0 | 3 4
0 0 | 3 4
0 0 | 8 4
0 0 | 10 4
0 0 | 3 4
0 0 | 5 4
0 0 | 0 0
0 0 | 2 4
0 0 | 4 4
0 0 | 2 4
0 0 | 0 0
0 0 | 0 0
0 0 | 4 4
0 0 | 4 4
0 0 | 7 4
0 0 | 7 4
0 0 | 0 0
0 0 | 4 4
0 0 | 18 18
0 0 | 7 12
0 0 | 4 6
0 0 | 4 6
0 0 | 2 5
0 0 | 2 4
0 0 | 0 0
0 0 | 4 4
0 0 | 3 4
0 0 | 9 4
0 0 | 2 4
0 0 | 4 4
0 0 | 4 4
0 0 | 4 4
0 0 | 4 4
0 0 | 4 4
0 0 | 4 4
0 0 | 4 4
0 0 | 14 4
0 0 | 14 5
0 0 | 8 5
0 0 | 8 5
0 0 | 7 5
0 0 | 7 5
0 0 | 3 5
0 0 | 5 5
0 0 | 0 0
0 0 | 0 0
0 0 | 6 5
0 0 | 6 5
0 0 | 4 5
0 0 | 4 5
0 0 | 5 5
0 0 | 5 5
0 0 | 3 5
0 0 | 3 5
0 0 | 4 5
0 0 | 6 5
0 0 | 5 5
0 0 | 5 5
0 0 | 7 5
0 0 | 9 5
0 0 | 0 0
0 0 | 0 0
0 0 | 0 0
0 0 | 0 0
0 0 | 4 5
0 0 | 4 5
0 0 | 10 5
0 0 | 10 5
0 0 | 2 5
0 0 | 2 5
0 0 | 4 5
0 0 | 6 5
0 0 | 6 5
0 0 | 2 5
0 0 | 2 5
0 0 | 2 5
0 0 | 2 4
0 0 | 14 5
0 0 | 10 5
0 0 | 0 0
0 0 | 7 5
0 0 | 3 5
0 0 | 2 5
0 0 | 2 5
0 0 | 3 5
0 0 | 3 5
0 0 | 4 5
0 0 | 3 5
0 0 | 5 5
0 0 | 9 5
0 0 | 2 5
0 0 | 4 5
0 0 | 4 4
0 0 | 15 5
0 0 | 3 5
0 0 | 3 5
0 0 | 4 5
0 0 | 4 5
0 0 | 3 5
0 0 | 2 4
0 0 | 4 4
0 0 | 4 4
0 0 | 3 4
0 0 | 3 4
0 0 | 3 4
0 0 | 3 4
0 0 | 8 4
0 0 | 8 4
0 0 | 11 4
0 0 | 13 5
0 0 | 2 5
0 0 | 2 4
0 0 | 4 4
0 0 | 4 4
0 0 | 5 4
0 0 | 8 4
0 0 | 12 5
0 0 | 7 5
0 0 | 7 5
0 0 | 8 5
0 0 | 8 5
0 0 | 10 5
0 0 | 10 5
0 0 | 3 5
0 0 | 3 5
0 0 | 3 5
0 0 | 3 5
0 0 | 7 5
0 0 | 7 5
0 0 | 2 5
0 0 | 9 5
0 0 | 10 5
0 0 | 6 5
0 0 | 8 5
0 0 | 13 5
0 0 | 9 5
0 0 | 9 5
0 0 | 4 5
0 0 | 2 5
0 0 | 6 5
0 0 | 3 5
0 0 | 4 5
0 0 | 2 5
0 0 | 9 5
0 0 | 10 5
0 0 | 23 5
0 0 | 13 5
0 0 | 9 5
0 0 | 6 7
0 0 | 8 7
0 0 | 4 7
0 0 | 4 7
0 0 | 3 7
0 0 | 3 7
0 0 | 3 7
0 0 | 7 7
0 0 | 3 7
0 0 | 9 7
0 0 | 5 7
0 0 | 7 7
0 0 | 3 7
0 0 | 5 7
0 0 | 3 7
0 0 | 8 7
0 0 | 3 7
0 0 | 3 7
0 0 | 3 7
0 0 | 3 7
0 0 | 3 7
0 0 | 4 7
0 0 | 4 6
0 0 | 3 6
0 0 | 3 6
0 0 | 5 6
0 0 | 10 6
0 0 | 3 6
0 0 | 6 6
0 0 | 4 6
0 0 | 3 6
0 0 | 3 6
0 0 | 10 6
0 0 | 10 6
0 0 | 13 6
0 0 | 13 6
0 0 | 2 6
0 0 | 7 6
0 0 | 4 6
0 0 | 4 6
0 0 | 3 6
0 0 | 3 6
0 0 | 6 6
0 0 | 9 6
0 0 | 6 6
0 0 | 12 6
0 0 | 11 6
0 0 | 12 6
0 0 | 2 6
0 0 | 3 6
0 0 | 4 6
0 0 | 4 6
0 0 | 2 6
0 0 | 19 6
0 0 | 15 6
0 0 | 14 6
0 0 | 22 6
0 0 | 27 7
0 0 | 0 0
0 0 | 13 7
0 0 | 38 7
0 0 | 39 7
0 0 | 7 7
0 0 | 15 7
0 0 | 12 7
0 0 | 23 7
0 0 | 21 7
0 0 | 22 7
0 0 | 8 7
0 0 | 8 7
0 0 | 30 8
0 0 | 10 8
0 0 | 27 8
0 0 | 5 8
0 0 | 30 8
0 0 | 24 8
0 0 | 26 8
0 0 | 36 8
0 0 | 8 8
0 0 | 3 8
0 0 | 15 8
0 0 | 7 8
0 0 | 4 8
0 0 | 32 8
0 0 | 16 8
0 0 | 18 8
0 0 | 24 8
0 0 | 27 9
0 0 | 3 3
0 0 | 4 3
0 0 | 4 3
0 0 | 3 3
0 0 | 4 3
0 0 | 3 3
0 0 | 4 3
0 0 | 11 4
0 0 | 4 4
0 0 | 1 3
0 0 | 4 3
0 0 | 1 3
0 0 | 1 3
0 0 | 3 3
0 0 | 7 3
0 0 | 1 3
0 0 | 5 3
0 0 | 12 4
0 0 | 13 4
0 0 | 3 4
0 0 | 5 4
0 0 | 1 3
0 0 | 4 3
0 0 | 4 3
0 0 | 8 4
0 0 | 8 4
0 0 | 5 4
0 0 | 5 4
0 0 | 4 4
0 0 | 5 4
0 0 | 7 4
0 0 | 7 4
0 0 | 21 4
0 0 | 9 4
0 0 | 4 4
0 0 | 2 4
0 0 | 3 4
0 0 | 0 0
0 0 | 18 5
0 0 | 14 5
0 0 | 4 5
0 0 | 4 5
0 0 | 4 5
0 0 | 5 5
0 0 | 11 5
0 0 | 5 5
0 0 | 6 5
0 0 | 7 5
0 0 | 7 5
0 0 | 3 5
0 0 | 3 5
0 0 | 12 5
0 0 | 5 5
0 0 | 2 5
0 0 | 5 5
0 0 | 4 5
0 0 | 9 5
0 0 | 6 5
0 0 | 14 5
0 0 | 10 5
0 0 | 19 5
0 0 | 19 5
0 0 | 4 5
0 0 | 19 5
0 0 | 11 5
0 0 | 4 5
0 0 | 7 5
0 0 | 9 5
0 0 | 0 0
0 0 | 11 5
0 0 | 12 6
0 0 | 2 5
0 0 | 0 0
0 0 | 3 5
0 0 | 0 0
0 0 | 2 5
0 0 | 2 5
0 0 | 2 5
0 0 | 2 5
0 0 | 10 5
0 0 | 8 5
0 0 | 11 5
0 0 | 7 5
0 0 | 5 5
0 0 | 6 5
0 0 | 4 5
0 0 | 3 5
0 0 | 5 5
0 0 | 0 0
0 0 | 2 5
0 0 | 0 0
0 0 | 0 0
0 0 | 3 5
0 0 | 3 5
0 0 | 0 0
0 0 | 3 5
0 0 | 3 5
0 0 | 0 0
0 0 | 2 2
0 0 | 6 4
0 0 | 3 3
0 0 | 3 3
0 0 | 6 4
0 0 | 11 5
0 0 | 2 4
0 0 | 2 4
0 0 | 1 3
0 0 | 1 3
0 0 | 5 3
0 0 | 4 3
0 0 | 1 3
0 0 | 1 3
0 0 | 3 3
0 0 | 4 3
0 0 | 12 3
0 0 | 12 4
0 0 | 4 4
0 0 | 4 4
0 0 | 3 4
0 0 | 3 3
0 0 | 4 3
0 0 | 4 3
0 0 | 5 4
0 0 | 2 3
0 0 | 1 3
0 0 | 13 4
0 0 | 13 4
0 0 | 4 4
0 0 | 2 4
0 0 | 5 4
0 0 | 5 4
0 0 | 0 0
0 0 | 3 4
0 0 | 4 4
0 0 | 4 4
0 0 | 4 4
0 0 | 7 4
0 0 | 9 4
0 0 | 9 4
0 0 | 4 4
0 0 | 2 4
0 0 | 0 0
0 0 | 4 4
0 0 | 7 4
0 0 | 0 0
0 0 | 0 0
0 0 | 4 4
0 0 | 0 0
0 0 | 2 4
0 0 | 0 0
0 0 | 4 4
0 0 | 0 0
0 0 | 4 4
0 0 | 8 4
0 0 | 4 4
0 0 | 4 4
0 0 | 0 0
0 0 | 4 4
0 0 | 5 4
0 0 | 2 4
0 0 | 4 4
0 0 | 4 4
0 0 | 4 4
0 0 | 4 4
0 0 | 3 4
0 0 | 3 4
0 0 | 0 0
0 0 | 2 4
0 0 | 2 4
0 0 | 2 4
0 0 | 2 3
0 0 | 2 3
0 0 | 2 3
0 0 | 6 3
0 0 | 2 3
0 0 | 2 3
0 0 | 2 3
0 0 | 2 3
0 0 | 6 3
0 0 | 4 3
0 0 | 2 3
0 0 | 2 3
0 0 | 2 3
0 0 | 2 3
0 0 | 8 3
0 0 | 8 3
0 0 | 0 0
0 0 | 2 3
0 0 | 7 3
0 0 | 2 3
0 0 | 6 3
0 0 | 4 3
0 0 | 4 3
0 0 | 4 3
0 0 | 2 3
0 0 | 4 3
0 0 | 3 3
0 0 | 5 3
0 0 | 2 3
0 0 | 6 3
0 0 | 1 3
0 0 | 1 3
0 0 | 4 3
0 0 | 4 3
0 0 | 3 3
0 0 | 3 3
0 0 | 0 0
0 0 | 4 3
0 0 | 3 3
0 0 | 3 3
0 0 | 3 3
0 0 | 2 3
0 0 | 13 3
0 0 | 2 2
0 0 | 0 0
0 0 | 4 4
0 0 | 34 19
0 0 | 32 23
0 0 | 28 24
0 0 | 34 26
0 0 | 42 29
0 0 | 0 0
0 0 | 2 2
0 0 | 4 3
0 0 | 9 5
0 0 | 2 4
0 0 | 6 4
0 0 | 0 0
0 0 | 7 5
0 0 | 7 5
0 0 | 2 4
0 0 | 2 4
0 0 | 4 4
0 0 | 4 4
0 0 | 1 3
0 0 | 7 4
0 0 | 4 4
0 0 | 4 4
0 0 | 2 4
0 0 | 2 3
0 0 | 4 3
0 0 | 4 3
0 0 | 1 3
0 0 | 4 3
0 0 | 3 3
0 0 | 5 3
0 0 | 2 3
0 0 | 2 3
0 0 | 0 0
0 0 | 4 3
0 0 | 4 3
0 0 | 7 3
0 0 | 7 3
0 0 | 0 0
0 0 | 1 3
0 0 | 1 3
0 0 | 1 3
0 0 | 1 3
0 0 | 4 3
0 0 | 4 3
0 0 | 4 3
0 0 | 0 0
0 0 | 4 3
0 0 | 4 3
0 0 | 1 3
0 0 | 7 3
0 0 | 8 3
0 0 | 8 3
0 0 | 1 3
0 0 | 7 3
0 0 | 0 0
0 0 | 2 3
0 0 | 4 3
0 0 | 8 3
0 0 | 1 3
0 0 | 1 3
0 0 | 6 3
0 0 | 11 3
0 0 | 1 3
0 0 | 1 3
0 0 | 2 3
0 0 | 3 3
0 0 | 4 3
0 0 | 4 3
0 0 | 0 0
0 0 | 0 0
0 0 | 3 3
0 0 | 1 3
0 0 | 5 3
0 0 | 3 3
0 0 | 3 3
0 0 | 5 3
0 0 | 2 3
0 0 | 4 3
0 0 | 4 3
0 0 | 1 3
0 0 | 5 3
0 0 | 1 3
0 0 | 1 3
0 0 | 0 0
0 0 | 0 0
0 0 | 4 3
0 0 | 6 3
0 0 | 1 3
0 0 | 3 3
0 0 | 0 0
0 0 | 1 3
0 0 | 1 3
0 0 | 4 3
0 0 | 4 3
0 0 | 5 3
0 0 | 8 3
0 0 | 4 3
0 0 | 3 3
0 0 | 0 0
0 0 | 4 3
0 0 | 0 0
0 0 | 0 0
0 0 | 4 3
0 0 | 5 3
0 0 | 2 3
0 0 | 2 3
0 0 | 2 3
0 0 | 6 3
0 0 | 0 0
0 0 | 0 0
0 0 | 7 3
0 0 | 2 3
0 0 | 2 3
0 0 | 9 3
0 0 | 4 3
0 0 | 2 3
0 0 | 2 3
0 0 | 2 3
0 0 | 2 3
0 0 | 2 3
0 0 | 2 3
0 0 | 4 3
0 0 | 4 3
0 0 | 2 3
0 0 | 5 3
0 0 | 8 3
0 0 | 12 3
0 0 | 4 3
0 0 | 4 3
0 0 | 2 3
0 0 | 3 3
0 0 | 1 3
0 0 | 3 3
0 0 | 2 3
0 0 | 7 3
0 0 | 7 3
0 0 | 2 3
0 0 | 2 3
0 0 | 2 3
0 0 | 3 3
0 0 | 1 3
0 0 | 6 3
0 0 | 0 0
0 0 | 0 0
0 0 | 0 0
0 0 | 0 0
0 0 | 0 0
0 0 | 1 1
0 0 | 2 1
0 0 | 13 5
0 0 | 9 6
0 0 | 32 11
0 0 | 24 13
0 0 | 11 13
0 0 | 24 14
0 0 | 20 15
0 0 | 11 14
0 0 | 19 14
0 0 | 22 14
0 0 | 43 16
0 0 | 15 16
0 0 | 43 18
0 0 | 28 18
0 0 | 32 16
0 0 | 23 16
0 0 | 8 16
0 0 | 39 16
0 0 | 27 15
0 0 | 12 15
0 0 | 29 15
0 0 | 15 14
0 0 | 25 15
0 0 | 37 15
0 0 | 16 15
0 0 | 20 15
0 0 | 35 15
0 0 | 22 15
0 0 | 15 15
0 0 | 21 14
0 0 | 53 15
0 0 | 36 15
0 0 | 20 15
0 0 | 0 0
0 0 | 28 15
0 0 | 31 15
0 0 | 31 15
0 0 | 35 15
0 0 | 17 15
0 0 | 12 15
0 0 | 37 15
0 0 | 12 15
0 0 | 28 16
0 0 | 41 16
0 0 | 40 16
0 0 | 10 16
0 0 | 23 16
0 0 | 12 15
0 0 | 7 15
0 0 | 36 16
0 0 | 6 15
0 0 | 7 15
0 0 | 0 0
0 0 | 11 15
0 0 | 11 15
0 0 | 24 15
0 0 | 28 15
0 0 | 21 15
0 0 | 8 15
0 0 | 25 15
0 0 | 11 15
0 0 | 13 15
0 0 | 30 15
0 0 | 26 15
0 0 | 10 15
0 0 | 9 15
0 0 | 24 14
0 0 | 20 15
0 0 | 34 15
0 0 | 7 15
0 0 | 26 15
0 0 | 8 15
0 0 | 6 15
0 0 | 24 15
0 0 | 8 15
0 0 | 11 15
0 0 | 0 0
0 0 | 0 0
0 0 | 0 0
0 0 | 23 15
0 0 | 17 14
0 0 | 30 15
0 0 | 0 0
0 0 | 29 14
0 0 | 8 14
0 0 | 0 0
0 0 | 8 14
0 0 | 6 14
0 0 | 4 13
0 0 | 4 13
0 0 | 9 13
0 0 | 4 12
0 0 | 4 12
0 0 | 4 12
0 0 | 4 12
0 0 | 0 0
0 0 | 0 0
0 0 | 0 0
0 0 | 4 12
0 0 | 0 0
0 0 | 4 4
0 0 | 4 4
0 0 | 1 3
0 0 | 2 2
0 0 | 3 2
0 0 | 1 2
0 0 | 2 2
0 0 | 3 2
0 0 | 5 2
0 0 | 3 2
0 0 | 9 3
0 0 | 3 3
0 0 | 3 3
0 0 | 3 3
0 0 | 2 3
0 0 | 7 3
0 0 | 4 3
0 0 | 4 3
0 0 | 5 3
0 0 | 41 5
0 0 | 0 0
0 0 | 4 4
0 0 | 3 3
0 0 | 4 3
0 0 | 1 2
0 0 | 3 2
0 0 | 6 3
0 0 | 1 3
0 0 | 4 3
0 0 | 1 2
0 0 | 1 2
0 0 | 3 2
0 0 | 2 2
0 0 | 1 2
0 0 | 2 2
0 0 | 4 2
0 0 | 2 2
0 0 | 4 2
0 0 | 1 2
0 0 | 2 2
0 0 | 4 3
0 0 | 26 10
0 0 | 0 0
0 0 | 20 9
0 0 | 3 8
0 0 | 0 0
0 0 | 0 0
0 0 | 27 10
0 0 | 7 10
0 0 | 7 9
0 0 | 16 10
0 0 | 3 9
0 0 | 2 2
0 0 | 5 3
0 0 | 6 4
0 0 | 1 3
0 0 | 2 3
0 0 | 1 2
0 0 | 0 0
0 0 | 6 3
0 0 | 1 3
0 0 | 0 0
0 0 | 4 3
0 0 | 2 3
0 0 | 2 2
0 0 | 8 3
0 0 | 1 3
0 0 | 1 3
0 0 | 11 3
0 0 | 1 3
0 0 | 1 3
0 0 | 7 3
0 0 | 12 3
0 0 | 4 3
0 0 | 34 5
0 0 | 7 5
0 0 | 4 5
0 0 | 5 5
0 0 | 2 5
0 0 | 2 5
0 0 | 2 4
0 0 | 13 5
0 0 | 2 5
0 0 | 29 5
0 0 | 4 5
0 0 | 60 7
0 0 | 11 7
0 0 | 14 7
0 0 | 3 7
0 0 | 34 8
0 0 | 0 0
0 0 | 32 9
0 0 | 15 9
0 0 | 17 9
0 0 | 32 9
0 0 | 13 9
0 0 | 33 10
0 0 | 25 10
0 0 | 9 10
0 0 | 30 11
0 0 | 6 11
0 0 | 12 11
0 0 | 14 11
0 0 | 4 4
0 0 | 6 5
0 0 | 4 4
0 0 | 5 4
0 0 | 3 4
0 0 | 1 3
0 0 | 5 4
0 0 | 1 3
0 0 | 1 3
0 0 | 2 3
0 0 | 0 0
0 0 | 2 3
0 0 | 5 3
0 0 | 7 3
0 0 | 11 4
0 0 | 3 4
0 0 | 3 3
0 0 | 5 4
0 0 | 7 4
0 0 | 7 4
0 0 | 16 4
0 0 | 4 4
0 0 | 3 4
0 0 | 8 4
0 0 | 7 5
0 0 | 8 5
0 0 | 0 0
0 0 | 36 6
0 0 | 3 6
0 0 | 4 6
0 0 | 4 6
0 0 | 2 5
0 0 | 2 5
0 0 | 26 6
0 0 | 2 6
0 0 | 2 6
0 0 | 0 0
0 0 | 4 6
0 0 | 3 6
0 0 | 1 1
0 0 | 1 1
0 0 | 4 2
0 0 | 12 4
0 0 | 3 4
0 0 | 7 4
0 0 | 4 4
0 0 | 4 4
0 0 | 3 4
0 0 | 7 4
0 0 | 3 4
0 0 | 4 4
0 0 | 0 0
0 0 | 0 0
0 0 | 2 4
0 0 | 3 4
0 0 | 10 4
0 0 | 2 4
0 0 | 2 4
0 0 | 4 4
0 0 | 15 4
0 0 | 6 4
0 0 | 10 5
0 0 | 4 5
0 0 | 2 4
0 0 | 9 5
0 0 | 7 5
0 0 | 14 5
0 0 | 3 5
0 0 | 5 5
0 0 | 4 5
0 0 | 4 5
0 0 | 4 5
0 0 | 4 5
0 0 | 2 2
0 0 | 4 3
0 0 | 4 3
0 0 | 4 3
0 0 | 4 3
0 0 | 3 3
0 0 | 7 4
0 0 | 3 3
0 0 | 2 3
0 0 | 2 3
0 0 | 7 3
0 0 | 1 3
0 0 | 3 3
0 0 | 2 3
0 0 | 0 0
0 0 | 0 0
0 0 | 8 3
0 0 | 2 3
0 0 | 1 3
0 0 | 2 3
0 0 | 4 3
0 0 | 8 3
0 0 | 0 0
0 0 | 3 3
0 0 | 37 5
0 0 | 23 5
0 0 | 0 0
0 0 | 2 5
0 0 | 2 5
0 0 | 2 5
0 0 | 0 0
0 0 | 0 0
0 0 | 0 0
0 0 | 0 0
0 0 | 2 2
0 0 | 1 1
0 0 | 1 1
0 0 | 1 1
0 0 | 1 1
0 0 | 1 1
0 0 | 1 1
0 0 | 1 1
0 0 | 1 1
0 0 | 1 1
0 0 | 0 0
0 0 | 0 0
0 0 | 4 1
0 0 | 1 1
0 0 | 1 1
0 0 | 1 1
0 0 | 4 1
0 0 | 1 1
0 0 | 1 1
0 0 | 1 1
0 0 | 2 1
0 0 | 2 1
0 0 | 1 1
0 0 | 1 1
0 0 | 1 1
0 0 | 1 1
0 0 | 1 1
0 0 | 1 1
0 0 | 1 1
0 0 | 3 2
0 0 | 4 2
0 0 | 4 3
0 0 | 4 3
0 0 | 4 3
0 0 | 3 3
0 0 | 6 3
0 0 | 1 3
0 0 | 3 3
0 0 | 8 3
0 0 | 8 4
0 0 | 7 4
0 0 | 7 4
0 0 | 2 4
0 0 | 5 4
0 0 | 8 4
0 0 | 4 4
0 0 | 2 4
0 0 | 8 4
0 0 | 2 4
0 0 | 5 4
0 0 | 3 4
0 0 | 2 4
0 0 | 4 4
0 0 | 0 0
0 0 | 0 0
0 0 | 4 4
0 0 | 0 0
0 0 | 4 4
0 0 | 4 4
0 0 | 1 3
0 0 | 1 2
0 0 | 1 2
0 0 | 1 2
0 0 | 1 2
0 0 | 0 0
0 0 | 0 0
0 0 | 1 2
0 0 | 1 1
0 0 | 0 0
0 0 | 0 0
0 0 | 1 1
0 0 | 1 1
0 0 | 0 0
0 0 | 1 1
0 0 | 1 1
0 0 | 0 0
0 0 | 1 1
0 0 | 1 1
0 0 | 1 1
0 0 | 1 1
0 0 | 2 1
0 0 | 2 1
0 0 | 2 1
0 0 | 0 0
0 0 | 1 1
0 0 | 0 0
0 0 | 1 1
0 0 | 5 1
0 0 | 2 1
0 0 | 1 1
0 0 | 0 0
0 0 | 1 1
0 0 | 1 1
0 0 | 1 1
0 0 | 1 1
0 0 | 1 1
0 0 | 3 1
0 0 | 7 1
0 0 | 4 1
0 0 | 0 0
0 0 | 2 1
0 0 | 4 1
0 0 | 1 1
0 0 | 1 1
0 0 | 0 0
0 0 | 0 0
0 0 | 2 1
0 0 | 4 1
0 0 | 4 1
0 0 | 2 1
0 0 | 5 2
0 0 | 0 0
0 0 | 2 2
0 0 | 4 2
0 0 | 3 2
0 0 | 1 2
0 0 | 0 0
0 0 | 0 0
0 0 | 1 2
0 0 | 1 2
0 0 | 1 2
0 0 | 0 0
0 0 | 0 0
0 0 | 0 0
0 0 | 2 2
0 0 | 3 2
0 0 | 1 2
0 0 | 4 2
0 0 | 1 2
0 0 | 2 2
0 0 | 2 2
0 0 | 2 2
0 0 | 2 2
0 0 | 10 2
0 0 | 2 2
0 0 | 4 2
0 0 | 4 3
0 0 | 3 3
0 0 | 4 3
0 0 | 3 3
0 0 | 0 0
0 0 | 1 2
0 0 | 3 2
0 0 | 4 3
0 0 | 4 3
0 0 | 4 3
0 0 | 9 3
0 0 | 4 3
0 0 | 2 3
0 0 | 4 3
0 0 | 7 3
0 0 | 3 3
0 0 | 1 3
0 0 | 1 3
0 0 | 1 3
0 0 | 1 3
0 0 | 1 3
0 0 | 0 0
0 0 | 0 0
0 0 | 2 3
0 0 | 1 3
0 0 | 0 0
0 0 | 1 2
0 0 | 0 0
0 0 | 1 2
0 0 | 1 2
0 0 | 0 0
0 0 | 2 2
0 0 | 4 3
0 0 | 5 3
0 0 | 3 3
0 0 | 5 3
0 0 | 4 3
0 0 | 1 3
0 0 | 0 0
0 0 | 1 3
0 0 | 1 2
0 0 | 3 2
0 0 | 3 2
0 0 | 2 2
0 0 | 0 0
0 0 | 3 2
0 0 | 0 0
0 0 | 7 3
0 0 | 14 3
0 0 | 10 4
0 0 | 11 4
0 0 | 15 5
0 0 | 10 5
0 0 | 2 5
0 0 | 10 5
0 0 | 6 5
0 0 | 2 5
0 0 | 15 5
0 0 | 12 5
0 0 | 5 5
0 0 | 36 6
0 0 | 4 6
0 0 | 4 6
0 0 | 27 6
0 0 | 18 7
0 0 | 10 7
0 0 | 4 7
0 0 | 4 7
0 0 | 4 7
0 0 | 9 7
0 0 | 18 7
0 0 | 28 7
0 0 | 4 7
0 0 | 49 8
0 0 | 25 8
0 0 | 41 9
0 0 | 44 10
0 0 | 33 10
0 0 | 4 10
0 0 | 0 0
0 0 | 4 9
0 0 | 4 9
0 0 | 5 9
0 0 | 5 9
0 0 | 4 9
0 0 | 10 9
0 0 | 6 9
0 0 | 6 9
0 0 | 4 8
0 0 | 20 8
0 0 | 1 1
0 0 | 1 1
0 0 | 1 1
0 0 | 1 1
0 0 | 0 0
0 0 | 0 0
0 0 | 0 0
0 0 | 4 1
0 0 | 4 2
0 0 | 4 2
0 0 | 3 2
0 0 | 3 2
0 0 | 3 2
0 0 | 0 0
0 0 | 1 1
0 0 | 6 3
0 0 | 5 4
0 0 | 1 3
0 0 | 4 4
0 0 | 2 3
0 0 | 2 2
0 0 | 0 0
0 0 | 1 2
0 0 | 0 0
0 0 | 3 2
0 0 | 5 2
0 0 | 3 2
0 0 | 3 2
0 0 | 1 2
0 0 | 1 2
0 0 | 1 2
0 0 | 3 2
0 0 | 1 2
0 0 | 3 2
0 0 | 3 2
0 0 | 1 2
0 0 | 3 2
0 0 | 1 2
0 0 | 3 2
0 0 | 0 0
0 0 | 3 2
0 0 | 3 2
0 0 | 1 2
0 0 | 1 2
0 0 | 1 2
0 0 | 5 2
0 0 | 2 2
0 0 | 38 3
0 0 | 4 3
0 0 | 5 3
0 0 | 1 3
0 0 | 1 3
0 0 | 4 3
0 0 | 3 3
0 0 | 4 3
0 0 | 4 3
0 0 | 3 3
0 0 | 3 3
0 0 | 3 3
0 0 | 5 3
0 0 | 1 3
0 0 | 3 3
0 0 | 9 3
0 0 | 5 3
0 0 | 2 3
0 0 | 2 3
0 0 | 0 0
0 0 | 0 0
0 0 | 0 0
0 0 | 4 3
0 0 | 3 3
0 0 | 5 3
0 0 | 4 3
0 0 | 4 3
0 0 | 4 3
0 0 | 2 3
0 0 | 1 3
0 0 | 3 3
0 0 | 1 3
0 0 | 1 3
0 0 | 1 3
0 0 | 1 3
0 0 | 1 3
0 0 | 1 3
0 0 | 1 3
0 0 | 2 3
0 0 | 2 3
0 0 | 0 0
0 0 | 2 3
0 0 | 1 3
0 0 | 1 1
0 0 | 0 0
0 0 | 6 6
0 0 | 2 4
0 0 | 2 2
0 0 | 1 1
0 0 | 2 1
0 0 | 1 1
0 0 | 4 2
0 0 | 3 2
0 0 | 2 2
0 0 | 4 3
0 0 | 0 0
0 0 | 0 0
0 0 | 3 3
0 0 | 4 3
0 0 | 2 3
0 0 | 0 0
0 0 | 2 2
0 0 | 2 2
0 0 | 3 2
0 0 | 3 2
0 0 | 3 2
0 0 | 10 3
0 0 | 6 3
0 0 | 4 4
0 0 | 3 3
0 0 | 3 3
0 0 | 1 2
0 0 | 2 2
0 0 | 3 2
0 0 | 1 2
0 0 | 1 2
0 0 | 1 2
0 0 | 0 0
0 0 | 2 2
0 0 | 0 0
0 0 | 2 2
0 0 | 1 2
0 0 | 3 2
0 0 | 3 2
0 0 | 1 2
0 0 | 2 2
0 0 | 2 2
0 0 | 1 2
0 0 | 1 1
0 0 | 1 1
0 0 | 1 1
0 0 | 1 1
0 0 | 1 1
0 0 | 0 0
0 0 | 1 1
0 0 | 2 1
0 0 | 1 1
0 0 | 1 1
0 0 | 1 1
0 0 | 1 1
0 0 | 3 1
0 0 | 2 1
0 0 | 2 1
0 0 | 1 1
0 0 | 4 1
0 0 | 2 1
0 0 | 0 0
0 0 | 0 0
0 0 | 2 1
0 0 | 3 1
0 0 | 3 1
0 0 | 2 1
0 0 | 2 1
0 0 | 2 1
0 0 | 0 0
0 0 | 0 0
0 0 | 1 1
0 0 | 1 1
0 0 | 1 1
0 0 | 2 1
0 0 | 0 0
0 0 | 0 0
0 0 | 1 1
0 0 | 1 1
0 0 | 2 1
0 0 | 0 0
0 0 | 1 1
0 0 | 0 0
0 0 | 1 1
0 0 | 1 1
0 0 | 0 0
0 0 | 1 1
0 0 | 1 1
0 0 | 3 1
0 0 | 4 1
0 0 | 2 1
0 0 | 5 1
0 0 | 0 0
0 0 | 1 1
0 0 | 1 1
0 0 | 1 1
0 0 | 2 1
0 0 | 1 1
0 0 | 1 1
0 0 | 1 1
0 0 | 0 0
0 0 | 0 0
0 0 | 0 0
0 0 | 1 1
0 0 | 2 1
0 0 | 2 1
0 0 | 32 2
0 0 | 4 2
0 0 | 4 4
0 0 | 3 3
0 0 | 6 4
0 0 | 1 1
0 0 | 2 1
0 0 | 1 1
0 0 | 1 1
0 0 | 1 1
0 0 | 1 1
0 0 | 0 0
0 0 | 1 1
0 0 | 1 1
0 0 | 1 1
0 0 | 0 0
0 0 | 0 0
0 0 | 1 1
0 0 | 1 1
0 0 | 1 1
0 0 | 1 1
0 0 | 0 0
0 0 | 1 1
0 0 | 0 0
0 0 | 1 1
0 0 | 0 0
0 0 | 0 0
0 0 | 0 0
0 0 | 1 1
0 0 | 1 1
0 0 | 0 0
0 0 | 0 0
0 0 | 0 0
0 0 | 0 0
0 0 | 0 0
0 0 | 0 0
0 0 | 0 0
0 0 | 1 1
0 0 | 0 0
0 0 | 0 0
0 0 | 2 1
0 0 | 2 1
0 0 | 0 0
0 0 | 1 1
0 0 | 0 0
0 0 | 0 0
0 0 | 1 1
0 0 | 1 1
0 0 | 1 1
0 0 | 2 1
0 0 | 0 0
0 0 | 0 0
0 0 | 0 0
0 0 | 0 0
0 0 | 0 0
0 0 | 1 1
0 0 | 1 1
0 0 | 1 1
0 0 | 1 1
0 0 | 0 0
0 0 | 0 0
0 0 | 0 0
0 0 | 0 0
0 0 | 2 1
0 0 | 2 1
0 0 | 2 1
0 0 | 1 1
0 0 | 1 1
0 0 | 0 0
0 0 | 1 1
0 0 | 1 1
0 0 | 1 1
0 0 | 1 1
0 0 | 0 0
0 0 | 1 1
0 0 | 1 1
0 0 | 1 1
0 0 | 2 1
0 0 | 3 1
0 0 | 1 1
0 0 | 0 0
0 0 | 0 0
0 0 | 2 2
0 0 | 2 2
0 0 | 1 1
0 0 | 4 2
0 0 | 1 2
0 0 | 4 2
0 0 | 6 2
0 0 | 7 3
0 0 | 8 3
0 0 | 11 4
0 0 | 7 4
0 0 | 4 4
0 0 | 8 5
0 0 | 3 4
0 0 | 2 4
0 0 | 3 4
0 0 | 3 4
0 0 | 2 4
0 0 | 7 4
0 0 | 8 4
0 0 | 10 4
0 0 | 0 0
0 0 | 0 0
0 0 | 2 4
0 0 | 6 4
0 0 | 6 4
0 0 | 2 4
0 0 | 2 4
0 0 | 4 4
0 0 | 6 4
0 0 | 2 4
0 0 | 0 0
0 0 | 2 4
0 0 | 2 4
0 0 | 4 4
0 0 | 4 4
0 0 | 4 4
0 0 | 7 4
0 0 | 7 4
0 0 | 5 4
0 0 | 4 4
0 0 | 4 4
0 0 | 4 4
0 0 | 3 4
0 0 | 5 4
0 0 | 9 4
0 0 | 9 4
0 0 | 0 0
0 0 | 3 4
0 0 | 4 4
0 0 | 0 0
0 0 | 2 4
0 0 | 2 4
0 0 | 3 4
0 0 | 3 4
0 0 | 2 4
0 0 | 2 4
0 0 | 2 4
0 0 | 2 4
0 0 | 2 4
0 0 | 6 4
0 0 | 7 4
0 0 | 7 4
0 0 | 2 4
0 0 | 3 4
0 0 | 2 4
0 0 | 3 4
0 0 | 2 4
0 0 | 2 3
0 0 | 0 0
0 0 | 4 3
0 0 | 2 3
0 0 | 3 3
0 0 | 3 3
0 0 | 3 3
0 0 | 5 3
0 0 | 3 3
0 0 | 10 4
0 0 | 4 4
0 0 | 1 3
0 0 | 2 3
0 0 | 2 3
0 0 | 2 3
0 0 | 2 3
0 0 | 1 3
0 0 | 4 3
0 0 | 2 3
0 0 | 12 3
0 0 | 4 3
0 0 | 3 3
0 0 | 3 3
0 0 | 4 3
0 0 | 4 3
0 0 | 4 4
0 0 | 11 7
0 0 | 4 6
0 0 | 3 5
0 0 | 8 6
0 0 | 4 5
0 0 | 3 5
0 0 | 3 5
0 0 | 3 4
0 0 | 4 4
0 0 | 4 4
0 0 | 7 4
0 0 | 4 4
0 0 | 8 5
0 0 | 4 4
0 0 | 1 1
0 0 | 1 1
0 0 | 1 1
0 0 | 0 0
0 0 | 0 0
0 0 | 2 1
0 0 | 2 1
0 0 | 4 1
0 0 | 2 1
0 0 | 3 2
0 0 | 4 2
0 0 | 3 2
0 0 | 3 2
0 0 | 2 2
0 0 | 1 2
0 0 | 0 0
0 0 | 2 2
0 0 | 0 0
0 0 | 2 2
0 0 | 1 2
0 0 | 3 2
0 0 | 1 1
0 0 | 1 1
0 0 | 2 2
0 0 | 2 2
0 0 | 2 2
0 0 | 2 2
0 0 | 3 2
0 0 | 1 2
0 0 | 2 2
0 0 | 3 2
0 0 | 2 2
0 0 | 2 2
0 0 | 1 2
0 0 | 3 2
0 0 | 7 2
0 0 | 7 2
0 0 | 1 2
0 0 | 0 0
0 0 | 0 0
0 0 | 1 2
0 0 | 3 2
0 0 | 2 2
0 0 | 2 2
0 0 | 1 2
0 0 | 1 2
0 0 | 1 2
0 0 | 0 0
0 0 | 2 2
0 0 | 37 19
0 0 | 31 23
0 0 | 4 12
0 0 | 4 11
0 0 | 36 14
0 0 | 26 14
0 0 | 31 14
0 0 | 4 13
0 0 | 0 0
0 0 | 39 15
0 0 | 27 16
0 0 | 9 16
0 0 | 10 15
0 0 | 5 15
0 0 | 19 14
0 0 | 38 15
0 0 | 5 15
0 0 | 20 15
0 0 | 56 17
0 0 | 6 16
0 0 | 40 16
0 0 | 23 16
0 0 | 31 16
0 0 | 32 17
0 0 | 29 17
0 0 | 18 17
0 0 | 10 17
0 0 | 42 18
0 0 | 19 18
0 0 | 7 17
0 0 | 7 17
0 0 | 38 18
0 0 | 15 17
0 0 | 43 18
0 0 | 35 18
0 0 | 10 18
0 0 | 18 17
0 0 | 14 17
0 0 | 12 16
0 0 | 9 16
0 0 | 6 16
0 0 | 5 16
0 0 | 5 16
0 0 | 34 16
0 0 | 14 16
0 0 | 5 16
0 0 | 3 3
0 0 | 0 0
0 0 | 0 0
0 0 | 0 0
0 0 | 0 0
0 0 | 0 0
0 0 | 0 0
0 0 | 1 1
0 0 | 2 1
0 0 | 1 1
0 0 | 10 3
0 0 | 10 4
0 0 | 4 4
0 0 | 6 4
0 0 | 4 4
0 0 | 4 4
0 0 | 2 4
0 0 | 2 4
0 0 | 5 4
0 0 | 3 4
0 0 | 3 4
0 0 | 3 4
0 0 | 3 3
0 0 | 11 4
0 0 | 11 4
0 0 | 4 4
0 0 | 3 4
0 0 | 3 4
0 0 | 3 4
0 0 | 2 4
0 0 | 3 4
0 0 | 3 4
0 0 | 3 4
0 0 | 3 4
0 0 | 3 4
0 0 | 4 4
0 0 | 33 4
0 0 | 0 0
0 0 | 2 4
0 0 | 3 4
0 0 | 5 4
0 0 | 4 4
0 0 | 4 4
0 0 | 4 4
0 0 | 3 4
0 0 | 4 4
0 0 | 2 4
0 0 | 2 4
0 0 | 4 4
0 0 | 7 4
0 0 | 15 4
0 0 | 11 4
0 0 | 7 4
0 0 | 4 4
0 0 | 4 4
0 0 | 4 4
0 0 | 4 4
0 0 | 3 3
0 0 | 3 3
0 0 | 0 0
0 0 | 0 0
0 0 | 0 0
0 0 | 0 0
0 0 | 0 0
0 0 | 0 0
0 0 | 3 3
0 0 | 0 0
0 0 | 0 0
0 0 | 0 0
0 0 | 0 0
0 0 | 0 0
0 0 | 3 3
0 0 | 0 0
0 0 | 1 2
0 0 | 0 0
0 0 | 1 2
0 0 | 5 2
0 0 | 1 2
0 0 | 0 0
0 0 | 0 0
0 0 | 2 2
0 0 | 2 2
0 0 | 3 2
0 0 | 5 2
0 0 | 1 2
0 0 | 1 2
0 0 | 17 3
0 0 | 6 3
0 0 | 4 4
0 0 | 1 2
0 0 | 2 2
0 0 | 2 2
0 0 | 1 2
0 0 | 1 1
0 0 | 4 2
0 0 | 1 2
0 0 | 4 2
0 0 | 3 2
0 0 | 4 2
0 0 | 4 2
0 0 | 4 2
0 0 | 4 2
0 0 | 1 2
0 0 | 1 2
0 0 | 4 2
0 0 | 4 2
0 0 | 1 2
0 0 | 1 2
0 0 | 4 2
0 0 | 1 2
0 0 | 4 4
0 0 | 2 3
0 0 | 4 3
0 0 | 4 3
0 0 | 3 3
0 0 | 4 3
0 0 | 0 0
0 0 | 0 0
0 0 | 3 3
0 0 | 0 0
0 0 | 0 0
0 0 | 4 3
0 0 | 1 3
0 0 | 3 3
0 0 | 0 0
0 0 | 1 3
0 0 | 3 3
0 0 | 3 3
0 0 | 1 2
0 0 | 4 2
0 0 | 3 2
0 0 | 3 2
0 0 | 2 2
0 0 | 1 1
0 0 | 4 2
0 0 | 7 3
0 0 | 1 3
0 0 | 2 2
0 0 | 0 0
0 0 | 0 0
0 0 | 1 2
0 0 | 1 2
0 0 | 1 2
0 0 | 3 2
0 0 | 4 2
0 0 | 1 2
0 0 | 1 2
0 0 | 3 2
0 0 | 3 2
0 0 | 21 21
0 0 | 9 15
0 0 | 12 14
0 0 | 4 11
0 0 | 33 15
0 0 | 10 14
0 0 | 13 14
0 0 | 7 13
0 0 | 16 13
0 0 | 4 12
0 0 | 23 13
0 0 | 0 0
0 0 | 0 0
0 0 | 5 13
0 0 | 8 12
0 0 | 6 12
0 0 | 4 11
0 0 | 12 11
0 0 | 10 11
0 0 | 12 11
0 0 | 26 11
0 0 | 6 11
0 0 | 6 10
0 0 | 0 0
0 0 | 0 0
0 0 | 3 10
0 0 | 3 10
0 0 | 4 10
0 0 | 12 12
0 0 | 34 23
0 0 | 43 22
0 0 | 19 18
0 0 | 15 16
0 0 | 22 15
0 0 | 4 12
0 0 | 0 0
0 0 | 3 3
0 0 | 0 0
0 0 | 3 3
0 0 | 6 4
0 0 | 0 0
0 0 | 2 3
0 0 | 2 3
0 0 | 2 3
0 0 | 5 3
0 0 | 2 3
0 0 | 3 3
0 0 | 5 3
0 0 | 28 28
0 0 | 0 0
0 0 | 1 1
0 0 | 10 5
0 0 | 4 5
0 0 | 8 4
0 0 | 4 4
0 0 | 2 4
0 0 | 4 4
0 0 | 4 4
0 0 | 2 4
0 0 | 2 3
0 0 | 2 3
0 0 | 3 3
0 0 | 12 4
0 0 | 4 4
0 0 | 1 1
0 0 | 1 1
0 0 | 1 1
0 0 | 1 1
0 0 | 1 1
0 0 | 1 1
0 0 | 1 1
0 0 | 0 0
0 0 | 0 0
0 0 | 0 0
0 0 | 0 0
0 0 | 0 0
0 0 | 0 0
0 0 | 1 1
0 0 | 5 1
0 0 | 5 1
0 0 | 5 2
0 0 | 5 2
0 0 | 5 2
0 0 | 1 2
0 0 | 5 2
0 0 | 0 0
0 0 | 0 0
0 0 | 1 2
0 0 | 4 2
0 0 | 4 2
0 0 | 4 2
0 0 | 4 2
0 0 | 2 2
0 0 | 9 5
0 0 | 9 6
0 0 | 2 5
0 0 | 14 6
0 0 | 42 10
0 0 | 7 9
0 0 | 5 9
0 0 | 16 9
0 0 | 4 9
0 0 | 7 8
0 0 | 4 8
0 0 | 30 9
0 0 | 4 8
0 0 | 6 8
0 0 | 16 9
0 0 | 11 8
0 0 | 0 0
0 0 | 0 0
0 0 | 13 8
0 0 | 3 8
0 0 | 8 8
0 0 | 2 5
0 0 | 4 4
0 0 | 6 5
0 0 | 3 4
0 0 | 14 6
0 0 | 12 7
0 0 | 12 8
0 0 | 3 7
0 0 | 4 7
0 0 | 9 7
0 0 | 8 7
0 0 | 5 7
0 0 | 10 7
0 0 | 13 7
0 0 | 4 7
0 0 | 8 7
0 0 | 2 6
0 0 | 15 7
0 0 | 6 7
0 0 | 4 6
0 0 | 2 6
0 0 | 5 6
0 0 | 4 6
0 0 | 4 6
0 0 | 4 6
0 0 | 3 5
0 0 | 3 5
0 0 | 4 5
0 0 | 4 5
0 0 | 25 6
0 0 | 12 6
0 0 | 11 6
0 0 | 8 6
0 0 | 26 7
0 0 | 14 7
0 0 | 15 7
0 0 | 26 7
0 0 | 21 8
0 0 | 5 8
0 0 | 7 8
0 0 | 3 7
0 0 | 12 7
0 0 | 11 8
0 0 | 1 1
0 0 | 2 1
0 0 | 3 2
0 0 | 1 1
0 0 | 11 6
0 0 | 4 5
0 0 | 4 5
0 0 | 4 4
0 0 | 4 4
0 0 | 3 4
0 0 | 4 4
0 0 | 4 4
0 0 | 4 4
0 0 | 3 3
0 0 | 2 3
0 0 | 4 3
0 0 | 4 3
0 0 | 17 4
0 0 | 0 0
0 0 | 1 3
0 0 | 8 4
0 0 | 8 4
0 0 | 3 4
0 0 | 3 4
0 0 | 2 4
0 0 | 5 4
0 0 | 1 3
0 0 | 5 3
0 0 | 3 3
0 0 | 3 3
0 0 | 2 2
0 0 | 2 2
0 0 | 2 2
0 0 | 2 2
0 0 | 1 1
0 0 | 1 1
0 0 | 1 1
0 0 | 2 1
0 0 | 0 0
0 0 | 1 1
0 0 | 0 0
0 0 | 0 0
0 0 | 0 0
0 0 | 1 1
0 0 | 1 1
0 0 | 1 1
0 0 | 0 0
0 0 | 0 0
0 0 | 1 1
0 0 | 1 1
0 0 | 1 1
0 0 | 0 0
0 0 | 0 0
0 0 | 1 1
0 0 | 1 1
0 0 | 4 4
0 0 | 3 3
0 0 | 15 9
0 0 | 1 3
0 0 | 1 3
0 0 | 4 3
0 0 | 4 3
0 0 | 0 0
0 0 | 1 3
0 0 | 4 3
0 0 | 1 3
0 0 | 0 0
0 0 | 1 2
0 0 | 1 2
0 0 | 5 2
0 0 | 3 2
0 0 | 2 2
0 0 | 2 2
0 0 | 6 3
0 0 | 2 2
0 0 | 14 3
0 0 | 0 0
0 0 | 1 3
0 0 | 1 3
0 0 | 1 3
0 0 | 6 3
0 0 | 7 3
0 0 | 7 3
0 0 | 1 3
0 0 | 2 3
0 0 | 4 3
0 0 | 5 3
0 0 | 3 3
0 0 | 1 3
0 0 | 3 3
0 0 | 2 2
0 0 | 4 4
0 0 | 4 4
0 0 | 4 4
0 0 | 4 4
0 0 | 9 5
0 0 | 4 5
0 0 | 0 0
0 0 | 8 5
0 0 | 4 5
0 0 | 2 4
0 0 | 1 1
0 0 | 4 2
0 0 | 2 2
0 0 | 3 2
0 0 | 1 2
0 0 | 3 2
0 0 | 3 2
0 0 | 0 0
0 0 | 0 0
0 0 | 1 2
0 0 | 42 6
0 0 | 1 1
0 0 | 1 1
0 0 | 0 0
0 0 | 0 0
0 0 | 0 0
0 0 | 0 0
0 0 | 0 0
0 0 | 0 0
0 0 | 0 0
0 0 | 1 1
0 0 | 1 1
0 0 | 10 4
0 0 | 8 5
0 0 | 10 6
0 0 | 2 5
0 0 | 2 4
0 0 | 28 6
0 0 | 23 7
0 0 | 28 9
0 0 | 6 9
0 0 | 8 9
0 0 | 7 8
0 0 | 6 7
0 0 | 5 7
0 0 | 3 6
0 0 | 8 6
0 0 | 4 6
0 0 | 0 0
0 0 | 7 6
0 0 | 3 6
0 0 | 8 6
0 0 | 4 6
0 0 | 3 6
0 0 | 6 6
0 0 | 4 6
0 0 | 18 6
0 0 | 3 6
0 0 | 8 6
0 0 | 7 6
0 0 | 4 6
0 0 | 3 6
0 0 | 9 6
0 0 | 6 6
0 0 | 3 6
0 0 | 7 6
0 0 | 3 3
0 0 | 4 3
0 0 | 5 4
0 0 | 11 5
0 0 | 6 5
0 0 | 6 5
0 0 | 3 5
0 0 | 6 5
0 0 | 22 7
0 0 | 22 8
0 0 | 17 7
0 0 | 10 8
0 0 | 4 7
0 0 | 0 0
0 0 | 0 0
0 0 | 4 4
0 0 | 4 4
0 0 | 4 4
0 0 | 3 3
0 0 | 1 3
0 0 | 0 0
0 0 | 2 2
0 0 | 2 2
0 0 | 2 2
0 0 | 2 2
0 0 | 2 2
0 0 | 2 2
